Eco-drive file
1606  1
1	713	11100	1	1	1	498	1	1	1	1	1	300
2	2257	11100	1	1	1	462	1	1	1	1	1	300
3	3111	11100	1	1	1	956	1	1	1	1	1	300
4	3558	11100	1	1	1	778	1	1	1	1	1	300
5	717	11100	1	2	1	512	1	1	1	1	1	300
6	1526	11100	1	2	1	778	1	1	1	1	1	300
7	2851	11100	1	2	1	832	1	1	1	1	1	300
8	3556	11100	1	2	1	246	1	1	1	1	1	300
9	2260	11100	1	3	1	246	1	1	1	1	1	300
10	2263	11100	1	3	1	339	1	1	1	1	1	300
11	3132	11100	1	3	1	111	1	1	1	1	1	300
12	1236	11100	1	4	1	111	1	1	1	1	1	300
13	2258	11100	1	4	1	338	1	1	1	1	1	300
14	3555	11100	1	4	1	530	1	1	1	1	1	300
15	777	11100	1	5	1	809	1	1	1	1	1	300
16	2259	11100	1	5	1	530	1	1	1	1	1	300
17	2822	11100	1	5	1	684	1	1	1	1	1	300
18	3418	11100	1	5	1	591	1	1	1	1	1	300
19	776	11100	1	6	1	208	1	1	1	1	1	300
20	2256	11100	1	6	1	591	1	1	1	1	1	300
21	3174	11100	1	6	1	782	1	1	1	1	1	300
22	3417	11100	1	6	1	381	1	1	1	1	1	300
23	774	11100	1	7	1	193	1	1	1	1	1	300
24	2043	11100	1	7	1	459	1	1	1	1	1	300
25	2846	11100	1	7	1	135	1	1	1	1	1	300
26	2852	11100	1	7	1	566	1	1	1	1	1	300
27	760	11100	1	8	1	441	1	1	1	1	1	300
28	2853	11100	1	8	1	366	1	1	1	1	1	300
29	3119	11100	1	8	1	783	1	1	1	1	1	300
30	567	11100	1	9	1	688	1	1	1	1	1	300
31	1744	11100	1	9	1	783	1	1	1	1	1	300
32	2642	11100	1	9	1	813	1	1	1	1	1	300
33	3256	11100	1	9	1	795	1	1	1	1	1	300
34	518	11100	1	10	1	118	1	1	1	1	1	300
35	566	11100	1	10	1	102	1	1	1	1	1	300
36	1797	11100	1	10	1	319	1	1	1	1	1	300
37	2636	11100	1	10	1	515	1	1	1	1	1	300
38	1039	11100	1	11	1	1068	1	1	1	1	1	300
39	1517	11100	1	11	1	795	1	1	1	1	1	300
40	2633	11100	1	11	1	708	1	1	1	1	1	300
41	2987	11100	1	11	1	319	1	1	1	1	1	300
42	744	11100	1	12	1	198	1	1	1	1	1	300
43	2045	11100	1	12	1	1174	1	1	1	1	1	300
44	2048	11100	1	12	1	381	1	1	1	1	1	300
45	3414	11100	1	12	1	830	1	1	1	1	1	300
46	527	11100	1	13	1	515	1	1	1	1	1	300
47	568	11100	1	13	1	403	1	1	1	1	1	300
48	2638	11100	1	13	1	725	1	1	1	1	1	300
49	3120	11100	1	13	1	804	1	1	1	1	1	300
50	731	11100	1	14	1	440	1	1	1	1	1	300
51	2047	11100	1	14	1	830	1	1	1	1	1	300
52	2847	11100	1	14	1	459	1	1	1	1	1	300
53	3208	11100	1	14	1	861	1	1	1	1	1	300
54	761	11100	1	15	1	342	1	1	1	1	1	300
55	771	11100	1	15	1	457	1	1	1	1	1	300
56	780	11100	1	15	1	441	1	1	1	1	1	300
57	2835	11100	1	15	1	204	1	1	1	1	1	300
58	738	11100	1	16	1	212	1	1	1	1	1	300
59	2813	11100	1	16	1	682	1	1	1	1	1	300
60	2820	11100	1	16	1	303	1	1	1	1	1	300
61	3420	11100	1	16	1	342	1	1	1	1	1	300
62	520	11100	1	17	1	339	1	1	1	1	1	300
63	1796	11100	1	17	1	708	1	1	1	1	1	300
64	2626	11100	1	17	1	305	1	1	1	1	1	300
65	3257	11100	1	17	1	555	1	1	1	1	1	300
66	1829	11100	1	18	1	457	1	1	1	1	1	300
67	2044	11100	1	18	1	861	1	1	1	1	1	300
68	3017	11100	1	18	1	342	1	1	1	1	1	300
69	737	11100	1	19	1	682	1	1	1	1	1	300
70	2807	11100	1	19	1	327	1	1	1	1	1	300
71	3413	11100	1	19	1	440	1	1	1	1	1	300
72	3415	11100	1	19	1	342	1	1	1	1	1	300
73	1777	11100	1	20	1	398	1	1	1	1	1	300
74	1779	11100	1	20	1	250	1	1	1	1	1	300
75	3238	11100	1	20	1	403	1	1	1	1	1	300
76	3243	11100	1	20	1	204	1	1	1	1	1	300
77	1507	11100	1	21	1	406	1	1	1	1	1	300
78	1781	11100	1	21	1	403	1	1	1	1	1	300
79	3212	11100	1	21	1	397	1	1	1	1	1	300
80	3237	11100	1	21	1	82	1	1	1	1	1	300
81	743	11100	1	22	1	309	1	1	1	1	1	300
82	746	11100	1	22	1	549	1	1	1	1	1	300
83	3432	11100	1	22	1	407	1	1	1	1	1	300
84	3520	11100	1	22	1	808	1	1	1	1	1	300
85	740	11100	1	23	1	407	1	1	1	1	1	300
86	3116	11100	1	23	1	803	1	1	1	1	1	300
87	3421	11100	1	23	1	403	1	1	1	1	1	300
88	3447	11100	1	23	1	803	1	1	1	1	1	300
89	1237	11100	1	24	1	188	1	1	1	1	1	300
90	1658	11100	1	24	1	291	1	1	1	1	1	300
91	2818	11100	1	24	1	309	1	1	1	1	1	300
92	751	11100	1	25	1	300	1	1	1	1	1	300
93	2266	11100	1	25	1	288	1	1	1	1	1	300
94	3063	11100	1	25	1	188	1	1	1	1	1	300
95	747	11100	1	26	1	789	1	1	1	1	1	300
96	779	11100	1	26	1	767	1	1	1	1	1	300
97	2829	11100	1	26	1	402	1	1	1	1	1	300
98	3563	11100	1	26	1	308	1	1	1	1	1	300
99	739	11100	1	27	1	403	1	1	1	1	1	300
100	2821	11100	1	27	1	342	1	1	1	1	1	300
101	3209	11100	1	27	1	642	1	1	1	1	1	300
102	3438	11100	1	27	1	792	1	1	1	1	1	300
103	1778	11100	1	28	1	82	1	1	1	1	1	300
104	1975	11100	1	28	1	316	1	1	1	1	1	300
105	3094	11100	1	28	1	85	1	1	1	1	1	300
106	1644	11100	1	29	1	401	1	1	1	1	1	300
107	3093	11100	1	29	1	85	1	1	1	1	1	300
108	3355	11100	1	29	1	233	1	1	1	1	1	300
109	563	11100	1	30	1	810	1	1	1	1	1	300
110	1780	11100	1	30	1	204	1	1	1	1	1	300
111	3242	11100	1	30	1	92	1	1	1	1	1	300
112	3245	11100	1	30	1	141	1	1	1	1	1	300
113	565	11100	1	31	1	400	1	1	1	1	1	300
114	1784	11100	1	31	1	602	1	1	1	1	1	300
115	3101	11100	1	31	1	201	1	1	1	1	1	300
116	3244	11100	1	31	1	810	1	1	1	1	1	300
117	2051	11100	1	32	1	642	1	1	1	1	1	300
118	2808	11100	1	32	1	342	1	1	1	1	1	300
119	2811	11100	1	32	1	266	1	1	1	1	1	300
120	3117	11100	1	32	1	630	1	1	1	1	1	300
121	764	11100	1	33	1	191	1	1	1	1	1	300
122	1745	11100	1	33	1	630	1	1	1	1	1	300
123	2842	11100	1	33	1	111	1	1	1	1	1	300
124	3289	11100	1	33	1	406	1	1	1	1	1	300
125	533	11100	1	34	1	231	1	1	1	1	1	300
126	535	11100	1	34	1	407	1	1	1	1	1	300
127	1831	11100	1	34	1	809	1	1	1	1	1	300
128	3172	11100	1	34	1	846	1	1	1	1	1	300
129	440	11100	1	35	1	233	1	1	1	1	1	300
130	1476	11100	1	35	1	279	1	1	1	1	1	300
131	2565	11100	1	35	1	270	1	1	1	1	1	300
132	3210	11100	1	35	1	401	1	1	1	1	1	300
133	1980	11100	1	36	1	124	1	1	1	1	1	300
134	1981	11100	1	36	1	284	1	1	1	1	1	300
135	3356	11100	1	36	1	279	1	1	1	1	1	300
136	562	11100	1	37	1	813	1	1	1	1	1	300
137	1256	11100	1	37	1	110	1	1	1	1	1	300
138	3360	11100	1	37	1	124	1	1	1	1	1	300
139	3361	11100	1	37	1	404	1	1	1	1	1	300
140	554	11100	1	38	1	201	1	1	1	1	1	300
141	1795	11100	1	38	1	804	1	1	1	1	1	300
142	3246	11100	1	38	1	407	1	1	1	1	1	300
143	3359	11100	1	38	1	813	1	1	1	1	1	300
144	530	11100	1	39	1	481	1	1	1	1	1	300
145	1698	11100	1	39	1	805	1	1	1	1	1	300
146	1794	11100	1	39	1	408	1	1	1	1	1	300
147	2666	11100	1	39	1	804	1	1	1	1	1	300
148	529	11100	1	40	1	555	1	1	1	1	1	300
149	1055	11100	1	40	1	198	1	1	1	1	1	300
150	1802	11100	1	40	1	846	1	1	1	1	1	300
151	2625	11100	1	40	1	805	1	1	1	1	1	300
152	755	11100	1	41	1	202	1	1	1	1	1	300
153	1803	11100	1	41	1	231	1	1	1	1	1	300
154	2622	11100	1	41	1	238	1	1	1	1	1	300
155	3267	11100	1	41	1	230	1	1	1	1	1	300
156	444	11100	1	42	1	407	1	1	1	1	1	300
157	1762	11100	1	42	1	140	1	1	1	1	1	300
158	1967	11100	1	42	1	267	1	1	1	1	1	300
159	1977	11100	1	43	1	134	1	1	1	1	1	300
160	1983	11100	1	43	1	405	1	1	1	1	1	300
161	2564	11100	1	43	1	336	1	1	1	1	1	300
162	3118	11100	1	43	1	402	1	1	1	1	1	300
163	1976	11100	1	44	1	402	1	1	1	1	1	300
164	3097	11100	1	44	1	534	1	1	1	1	1	300
165	3229	11100	1	44	1	140	1	1	1	1	1	300
166	3230	11100	1	44	1	1908	1	1	1	1	1	300
167	548	11100	1	45	1	334	1	1	1	1	1	300
168	549	11100	1	45	1	357	1	1	1	1	1	300
169	1979	11100	1	45	1	404	1	1	1	1	1	300
170	3357	11100	1	45	1	405	1	1	1	1	1	300
171	551	11100	1	46	1	54	1	1	1	1	1	300
172	2664	11100	1	46	1	203	1	1	1	1	1	300
173	2667	11100	1	46	1	107	1	1	1	1	1	300
174	3362	11100	1	46	1	357	1	1	1	1	1	300
175	1998	11100	1	47	1	65	1	1	1	1	1	300
176	1999	11100	1	47	1	98	1	1	1	1	1	300
177	2614	11100	1	47	1	178	1	1	1	1	1	300
178	1791	11100	1	48	1	805	1	1	1	1	1	300
179	1984	11100	1	48	1	407	1	1	1	1	1	300
180	2656	11100	1	48	1	125	1	1	1	1	1	300
181	3379	11100	1	48	1	206	1	1	1	1	1	300
182	525	11100	1	49	1	206	1	1	1	1	1	300
183	526	11100	1	49	1	358	1	1	1	1	1	300
184	2632	11100	1	49	1	224	1	1	1	1	1	300
185	2637	11100	1	49	1	445	1	1	1	1	1	300
186	522	11100	1	50	1	445	1	1	1	1	1	300
187	2628	11100	1	50	1	191	1	1	1	1	1	300
188	3252	11100	1	50	1	358	1	1	1	1	1	300
189	528	11100	1	51	1	358	1	1	1	1	1	300
190	1509	11100	1	51	1	408	1	1	1	1	1	300
191	2644	11100	1	51	1	693	1	1	1	1	1	300
192	3247	11100	1	51	1	805	1	1	1	1	1	300
193	534	11100	1	52	1	230	1	1	1	1	1	300
194	1834	11100	1	52	1	809	1	1	1	1	1	300
195	2635	11100	1	52	1	450	1	1	1	1	1	300
196	2641	11100	1	52	1	340	1	1	1	1	1	300
197	728	11100	1	53	1	399	1	1	1	1	1	300
198	765	11100	1	53	1	194	1	1	1	1	1	300
199	2843	11100	1	53	1	353	1	1	1	1	1	300
200	3291	11100	1	53	1	405	1	1	1	1	1	300
201	2237	11100	1	54	1	368	1	1	1	1	1	300
202	2247	11100	1	54	1	430	1	1	1	1	1	300
203	3542	11100	1	54	1	126	1	1	1	1	1	300
204	729	11100	1	55	1	99	1	1	1	1	1	300
205	2069	11100	1	55	1	199	1	1	1	1	1	300
206	2804	11100	1	55	1	119	1	1	1	1	1	300
207	2844	11100	1	55	1	399	1	1	1	1	1	300
208	766	11100	1	56	1	405	1	1	1	1	1	300
209	2838	11100	1	56	1	343	1	1	1	1	1	300
210	2839	11100	1	56	1	346	1	1	1	1	1	300
211	3268	11100	1	56	1	809	1	1	1	1	1	300
212	1656	11100	1	57	1	449	1	1	1	1	1	300
213	2238	11100	1	57	1	126	1	1	1	1	1	300
214	3040	11100	1	57	1	246	1	1	1	1	1	300
215	7	11100	1	58	1	203	1	1	1	1	1	300
216	2290	11100	1	58	1	453	1	1	1	1	1	300
217	2806	11100	1	58	1	199	1	1	1	1	1	300
218	2809	11100	1	58	1	288	1	1	1	1	1	300
219	2050	11100	1	59	1	792	1	1	1	1	1	300
220	2093	11100	1	59	1	403	1	1	1	1	1	300
221	2298	11100	1	59	1	401	1	1	1	1	1	300
222	2305	11100	1	59	1	451	1	1	1	1	1	300
223	2066	11100	1	60	1	803	1	1	1	1	1	300
224	2213	11100	1	60	1	405	1	1	1	1	1	300
225	2314	11100	1	60	1	794	1	1	1	1	1	300
226	3439	11100	1	60	1	403	1	1	1	1	1	300
227	1252	11100	1	61	1	246	1	1	1	1	1	300
228	2268	11100	1	61	1	808	1	1	1	1	1	300
229	2322	11100	1	61	1	798	1	1	1	1	1	300
230	3448	11100	1	61	1	405	1	1	1	1	1	300
231	753	11100	1	62	1	402	1	1	1	1	1	300
232	2246	11100	1	62	1	204	1	1	1	1	1	300
233	3085	11100	1	62	1	430	1	1	1	1	1	300
234	3547	11100	1	62	1	808	1	1	1	1	1	300
235	1647	11100	1	63	1	286	1	1	1	1	1	300
236	2000	11100	1	63	1	90	1	1	1	1	1	300
237	2655	11100	1	63	1	378	1	1	1	1	1	300
238	559	11100	1	64	1	340	1	1	1	1	1	300
239	1982	11100	1	64	1	334	1	1	1	1	1	300
240	2662	11100	1	64	1	402	1	1	1	1	1	300
241	3363	11100	1	64	1	469	1	1	1	1	1	300
242	754	11100	1	65	1	200	1	1	1	1	1	300
243	1805	11100	1	65	1	340	1	1	1	1	1	300
244	2621	11100	1	65	1	240	1	1	1	1	1	300
245	3269	11100	1	65	1	467	1	1	1	1	1	300
246	763	11100	1	66	1	224	1	1	1	1	1	300
247	1832	11100	1	66	1	343	1	1	1	1	1	300
248	2834	11100	1	66	1	402	1	1	1	1	1	300
249	3306	11100	1	66	1	460	1	1	1	1	1	300
250	503	11100	1	67	1	370	1	1	1	1	1	300
251	1790	11100	1	67	1	693	1	1	1	1	1	300
252	3253	11100	1	67	1	105	1	1	1	1	1	300
253	1968	11100	1	68	1	403	1	1	1	1	1	300
254	2566	11100	1	68	1	269	1	1	1	1	1	300
255	2608	11100	1	68	1	406	1	1	1	1	1	300
256	1985	11100	1	69	1	403	1	1	1	1	1	300
257	2562	11100	1	69	1	274	1	1	1	1	1	300
258	2606	11100	1	69	1	408	1	1	1	1	1	300
259	3187	11100	1	69	1	403	1	1	1	1	1	300
260	550	11100	1	70	1	469	1	1	1	1	1	300
261	553	11100	1	70	1	324	1	1	1	1	1	300
262	2658	11100	1	70	1	403	1	1	1	1	1	300
263	3099	11100	1	70	1	808	1	1	1	1	1	300
264	556	11100	1	71	1	182	1	1	1	1	1	300
265	1513	11100	1	71	1	485	1	1	1	1	1	300
266	2669	11100	1	71	1	285	1	1	1	1	1	300
267	3364	11100	1	71	1	324	1	1	1	1	1	300
268	547	11100	1	72	1	126	1	1	1	1	1	300
269	2007	11100	1	72	1	581	1	1	1	1	1	300
270	2794	11100	1	72	1	710	1	1	1	1	1	300
271	3108	11100	1	72	1	485	1	1	1	1	1	300
272	536	11100	1	73	1	132	1	1	1	1	1	300
273	537	11100	1	73	1	656	1	1	1	1	1	300
274	1792	11100	1	73	1	105	1	1	1	1	1	300
275	3384	11100	1	73	1	227	1	1	1	1	1	300
276	2092	11100	1	74	1	794	1	1	1	1	1	300
277	2096	11100	1	74	1	424	1	1	1	1	1	300
278	2306	11100	1	74	1	395	1	1	1	1	1	300
279	3441	11100	1	74	1	820	1	1	1	1	1	300
280	538	11100	1	75	1	150	1	1	1	1	1	300
281	2648	11100	1	75	1	91	1	1	1	1	1	300
282	2650	11100	1	75	1	175	1	1	1	1	1	300
283	3254	11100	1	75	1	656	1	1	1	1	1	300
284	523	11100	1	76	1	522	1	1	1	1	1	300
285	532	11100	1	76	1	566	1	1	1	1	1	300
286	2643	11100	1	76	1	150	1	1	1	1	1	300
287	2783	11100	1	76	1	688	1	1	1	1	1	300
288	762	11100	1	77	1	460	1	1	1	1	1	300
289	933	11100	1	77	1	156	1	1	1	1	1	300
290	942	11100	1	77	1	456	1	1	1	1	1	300
291	2937	11100	1	77	1	400	1	1	1	1	1	300
292	64	11100	1	78	1	201	1	1	1	1	1	300
293	2212	11100	1	78	1	798	1	1	1	1	1	300
294	2321	11100	1	78	1	813	1	1	1	1	1	300
295	3449	11100	1	78	1	424	1	1	1	1	1	300
296	540	11100	1	79	1	467	1	1	1	1	1	300
297	941	11100	1	79	1	405	1	1	1	1	1	300
298	2640	11100	1	79	1	455	1	1	1	1	1	300
299	3270	11100	1	79	1	241	1	1	1	1	1	300
300	929	11100	1	80	1	114	1	1	1	1	1	300
301	1835	11100	1	80	1	400	1	1	1	1	1	300
302	2927	11100	1	80	1	106	1	1	1	1	1	300
303	3271	11100	1	80	1	405	1	1	1	1	1	300
304	1239	11100	1	81	1	111	1	1	1	1	1	300
305	1527	11100	1	81	1	296	1	1	1	1	1	300
306	3540	11100	1	81	1	70	1	1	1	1	1	300
307	1655	11100	1	82	1	264	1	1	1	1	1	300
308	2236	11100	1	82	1	124	1	1	1	1	1	300
309	3046	11100	1	82	1	111	1	1	1	1	1	300
310	1516	11100	1	83	1	803	1	1	1	1	1	300
311	2249	11100	1	83	1	800	1	1	1	1	1	300
312	2365	11100	1	83	1	302	1	1	1	1	1	300
313	3550	11100	1	83	1	808	1	1	1	1	1	300
314	2	11100	1	84	1	382	1	1	1	1	1	300
315	1524	11100	1	84	1	599	1	1	1	1	1	300
316	2289	11100	1	84	1	393	1	1	1	1	1	300
317	2938	11100	1	84	1	579	1	1	1	1	1	300
318	11	11100	1	85	1	384	1	1	1	1	1	300
319	2094	11100	1	85	1	395	1	1	1	1	1	300
320	2302	11100	1	85	1	387	1	1	1	1	1	300
321	3110	11100	1	85	1	599	1	1	1	1	1	300
322	931	11100	1	86	1	303	1	1	1	1	1	300
323	935	11100	1	86	1	221	1	1	1	1	1	300
324	1836	11100	1	86	1	156	1	1	1	1	1	300
325	539	11100	1	87	1	236	1	1	1	1	1	300
326	1900	11100	1	87	1	111	1	1	1	1	1	300
327	2012	11100	1	87	1	199	1	1	1	1	1	300
328	2647	11100	1	87	1	246	1	1	1	1	1	300
329	927	11100	1	88	1	187	1	1	1	1	1	300
330	1806	11100	1	88	1	455	1	1	1	1	1	300
331	2620	11100	1	88	1	409	1	1	1	1	1	300
332	3273	11100	1	88	1	347	1	1	1	1	1	300
333	932	11100	1	89	1	303	1	1	1	1	1	300
334	934	11100	1	89	1	222	1	1	1	1	1	300
335	2929	11100	1	89	1	205	1	1	1	1	1	300
336	3294	11100	1	89	1	344	1	1	1	1	1	300
337	521	11100	1	90	1	688	1	1	1	1	1	300
338	703	11100	1	90	1	201	1	1	1	1	1	300
339	3102	11100	1	90	1	117	1	1	1	1	1	300
340	580	11100	1	91	1	223	1	1	1	1	1	300
341	706	11100	1	91	1	106	1	1	1	1	1	300
342	3391	11100	1	91	1	110	1	1	1	1	1	300
343	495	11100	1	92	1	547	1	1	1	1	1	300
344	1761	11100	1	92	1	1908	1	1	1	1	1	300
345	3232	11100	1	92	1	414	1	1	1	1	1	300
346	497	11100	1	93	1	404	1	1	1	1	1	300
347	1988	11100	1	93	1	404	1	1	1	1	1	300
348	2610	11100	1	93	1	404	1	1	1	1	1	300
349	3351	11100	1	93	1	79	1	1	1	1	1	300
350	685	11100	1	94	1	402	1	1	1	1	1	300
351	1700	11100	1	94	1	288	1	1	1	1	1	300
352	1986	11100	1	94	1	808	1	1	1	1	1	300
353	3369	11100	1	94	1	336	1	1	1	1	1	300
354	1992	11100	1	95	1	336	1	1	1	1	1	300
355	1994	11100	1	95	1	507	1	1	1	1	1	300
356	2607	11100	1	95	1	67	1	1	1	1	1	300
357	3367	11100	1	95	1	120	1	1	1	1	1	300
358	496	11100	1	96	1	67	1	1	1	1	1	300
359	3352	11100	1	96	1	404	1	1	1	1	1	300
360	3366	11100	1	96	1	99	1	1	1	1	1	300
361	710	11100	1	97	1	301	1	1	1	1	1	300
362	2002	11100	1	97	1	519	1	1	1	1	1	300
363	3173	11100	1	97	1	191	1	1	1	1	1	300
364	3372	11100	1	97	1	288	1	1	1	1	1	300
365	2001	11100	1	98	1	101	1	1	1	1	1	300
366	2009	11100	1	98	1	809	1	1	1	1	1	300
367	2797	11100	1	98	1	519	1	1	1	1	1	300
368	3155	11100	1	98	1	460	1	1	1	1	1	300
369	698	11100	1	99	1	80	1	1	1	1	1	300
370	2788	11100	1	99	1	112	1	1	1	1	1	300
371	2789	11100	1	99	1	107	1	1	1	1	1	300
372	3385	11100	1	99	1	203	1	1	1	1	1	300
373	2015	11100	1	100	1	175	1	1	1	1	1	300
374	2016	11100	1	100	1	153	1	1	1	1	1	300
375	2785	11100	1	100	1	50	1	1	1	1	1	300
376	702	11100	1	101	1	331	1	1	1	1	1	300
377	2008	11100	1	101	1	203	1	1	1	1	1	300
378	2786	11100	1	101	1	111	1	1	1	1	1	300
379	3381	11100	1	101	1	809	1	1	1	1	1	300
380	1800	11100	1	102	1	159	1	1	1	1	1	300
381	2790	11100	1	102	1	252	1	1	1	1	1	300
382	3390	11100	1	102	1	144	1	1	1	1	1	300
383	2013	11100	1	103	1	144	1	1	1	1	1	300
384	2014	11100	1	103	1	110	1	1	1	1	1	300
385	3328	11100	1	103	1	175	1	1	1	1	1	300
386	1512	11100	1	104	1	200	1	1	1	1	1	300
387	3103	11100	1	104	1	117	1	1	1	1	1	300
388	3259	11100	1	104	1	159	1	1	1	1	1	300
389	3261	11100	1	104	1	450	1	1	1	1	1	300
390	936	11100	1	105	1	447	1	1	1	1	1	300
391	948	11100	1	105	1	344	1	1	1	1	1	300
392	2945	11100	1	105	1	615	1	1	1	1	1	300
393	3293	11100	1	105	1	130	1	1	1	1	1	300
394	945	11100	1	106	1	228	1	1	1	1	1	300
395	947	11100	1	106	1	171	1	1	1	1	1	300
396	1837	11100	1	106	1	615	1	1	1	1	1	300
397	3272	11100	1	106	1	190	1	1	1	1	1	300
398	700	11100	1	107	1	347	1	1	1	1	1	300
399	1510	11100	1	107	1	446	1	1	1	1	1	300
400	1809	11100	1	107	1	190	1	1	1	1	1	300
401	2984	11100	1	107	1	605	1	1	1	1	1	300
402	1	11100	1	108	1	385	1	1	1	1	1	300
403	2081	11100	1	108	1	587	1	1	1	1	1	300
404	2291	11100	1	108	1	361	1	1	1	1	1	300
405	2936	11100	1	108	1	577	1	1	1	1	1	300
406	2091	11100	1	109	1	695	1	1	1	1	1	300
407	2095	11100	1	109	1	820	1	1	1	1	1	300
408	2203	11100	1	109	1	471	1	1	1	1	1	300
409	3440	11100	1	109	1	333	1	1	1	1	1	300
410	9	11100	1	110	1	389	1	1	1	1	1	300
411	2082	11100	1	110	1	333	1	1	1	1	1	300
412	2085	11100	1	110	1	682	1	1	1	1	1	300
413	3435	11100	1	110	1	587	1	1	1	1	1	300
414	116	11100	1	111	1	228	1	1	1	1	1	300
415	1652	11100	1	111	1	345	1	1	1	1	1	300
416	3539	11100	1	111	1	118	1	1	1	1	1	300
417	61	11100	1	112	1	205	1	1	1	1	1	300
418	2211	11100	1	112	1	813	1	1	1	1	1	300
419	3018	11100	1	112	1	475	1	1	1	1	1	300
420	3442	11100	1	112	1	471	1	1	1	1	1	300
421	125	11100	1	113	1	472	1	1	1	1	1	300
422	1697	11100	1	113	1	350	1	1	1	1	1	300
423	2244	11100	1	113	1	803	1	1	1	1	1	300
424	2374	11100	1	113	1	182	1	1	1	1	1	300
425	115	11100	1	114	1	235	1	1	1	1	1	300
426	2243	11100	1	114	1	182	1	1	1	1	1	300
427	3538	11100	1	114	1	228	1	1	1	1	1	300
428	1902	11100	1	115	1	118	1	1	1	1	1	300
429	2233	11100	1	115	1	286	1	1	1	1	1	300
430	3537	11100	1	115	1	74	1	1	1	1	1	300
431	949	11100	1	116	1	172	1	1	1	1	1	300
432	1839	11100	1	116	1	123	1	1	1	1	1	300
433	2939	11100	1	116	1	206	1	1	1	1	1	300
434	499	11100	1	117	1	215	1	1	1	1	1	300
435	1763	11100	1	117	1	414	1	1	1	1	1	300
436	2598	11100	1	117	1	122	1	1	1	1	1	300
437	3231	11100	1	117	1	203	1	1	1	1	1	300
438	491	11100	1	118	1	149	1	1	1	1	1	300
439	500	11100	1	118	1	503	1	1	1	1	1	300
440	2603	11100	1	118	1	199	1	1	1	1	1	300
441	3213	11100	1	118	1	215	1	1	1	1	1	300
442	498	11100	1	119	1	403	1	1	1	1	1	300
443	1971	11100	1	119	1	404	1	1	1	1	1	300
444	2609	11100	1	119	1	503	1	1	1	1	1	300
445	3098	11100	1	119	1	202	1	1	1	1	1	300
446	684	11100	1	120	1	50	1	1	1	1	1	300
447	687	11100	1	120	1	50	1	1	1	1	1	300
448	2612	11100	1	120	1	375	1	1	1	1	1	300
449	3368	11100	1	120	1	507	1	1	1	1	1	300
450	2940	11100	1	121	1	132	1	1	1	1	1	300
451	2941	11100	1	121	1	123	1	1	1	1	1	300
452	3275	11100	1	121	1	802	1	1	1	1	1	300
453	671	11100	1	122	1	374	1	1	1	1	1	300
454	686	11100	1	122	1	50	1	1	1	1	1	300
455	2770	11100	1	122	1	73	1	1	1	1	1	300
456	2772	11100	1	122	1	50	1	1	1	1	1	300
457	629	11100	1	123	1	772	1	1	1	1	1	300
458	660	11100	1	123	1	221	1	1	1	1	1	300
459	708	11100	1	123	1	217	1	1	1	1	1	300
460	3156	11100	1	123	1	238	1	1	1	1	1	300
461	630	11100	1	124	1	339	1	1	1	1	1	300
462	631	11100	1	124	1	555	1	1	1	1	1	300
463	2730	11100	1	124	1	110	1	1	1	1	1	300
464	3105	11100	1	124	1	772	1	1	1	1	1	300
465	1747	11100	1	125	1	802	1	1	1	1	1	300
466	1808	11100	1	125	1	446	1	1	1	1	1	300
467	1811	11100	1	125	1	102	1	1	1	1	1	300
468	3263	11100	1	125	1	648	1	1	1	1	1	300
469	613	11100	1	126	1	1028	1	1	1	1	1	300
470	1812	11100	1	126	1	648	1	1	1	1	1	300
471	2680	11100	1	126	1	102	1	1	1	1	1	300
472	2720	11100	1	126	1	172	1	1	1	1	1	300
473	661	11100	1	127	1	238	1	1	1	1	1	300
474	2003	11100	1	127	1	460	1	1	1	1	1	300
475	3106	11100	1	127	1	541	1	1	1	1	1	300
476	3383	11100	1	127	1	206	1	1	1	1	1	300
477	689	11100	1	128	1	102	1	1	1	1	1	300
478	2004	11100	1	128	1	541	1	1	1	1	1	300
479	2762	11100	1	128	1	196	1	1	1	1	1	300
480	3215	11100	1	128	1	282	1	1	1	1	1	300
481	137	11100	1	129	1	271	1	1	1	1	1	300
482	2241	11100	1	129	1	258	1	1	1	1	1	300
483	2242	11100	1	129	1	472	1	1	1	1	1	300
484	3067	11100	1	129	1	91	1	1	1	1	1	300
485	33	11100	1	130	1	218	1	1	1	1	1	300
486	59	11100	1	130	1	206	1	1	1	1	1	300
487	2204	11100	1	130	1	475	1	1	1	1	1	300
488	58	11100	1	131	1	56	1	1	1	1	1	300
489	2198	11100	1	131	1	226	1	1	1	1	1	300
490	2200	11100	1	131	1	165	1	1	1	1	1	300
491	905	11100	1	132	1	139	1	1	1	1	1	300
492	1040	11100	1	132	1	350	1	1	1	1	1	300
493	2678	11100	1	132	1	166	1	1	1	1	1	300
494	3274	11100	1	132	1	102	1	1	1	1	1	300
495	907	11100	1	133	1	132	1	1	1	1	1	300
496	944	11100	1	133	1	132	1	1	1	1	1	300
497	2903	11100	1	133	1	211	1	1	1	1	1	300
498	2005	11100	1	134	1	206	1	1	1	1	1	300
499	3048	11100	1	134	1	329	1	1	1	1	1	300
500	3211	11100	1	134	1	677	1	1	1	1	1	300
501	1840	11100	1	135	1	200	1	1	1	1	1	300
502	2075	11100	1	135	1	200	1	1	1	1	1	300
503	2904	11100	1	135	1	132	1	1	1	1	1	300
504	3	11100	1	136	1	324	1	1	1	1	1	300
505	2089	11100	1	136	1	567	1	1	1	1	1	300
506	2097	11100	1	136	1	418	1	1	1	1	1	300
507	3128	11100	1	136	1	589	1	1	1	1	1	300
508	2080	11100	1	137	1	682	1	1	1	1	1	300
509	2087	11100	1	137	1	142	1	1	1	1	1	300
510	2090	11100	1	137	1	228	1	1	1	1	1	300
511	3436	11100	1	137	1	567	1	1	1	1	1	300
512	20	11100	1	138	1	50	1	1	1	1	1	300
513	1482	11100	1	138	1	50	1	1	1	1	1	300
514	3444	11100	1	138	1	228	1	1	1	1	1	300
515	2083	11100	1	139	1	695	1	1	1	1	1	300
516	2162	11100	1	139	1	526	1	1	1	1	1	300
517	2178	11100	1	139	1	438	1	1	1	1	1	300
518	3445	11100	1	139	1	134	1	1	1	1	1	300
519	35	11100	1	140	1	50	1	1	1	1	1	300
520	1484	11100	1	140	1	218	1	1	1	1	1	300
521	2179	11100	1	140	1	192	1	1	1	1	1	300
522	3446	11100	1	140	1	438	1	1	1	1	1	300
523	675	11100	1	141	1	50	1	1	1	1	1	300
524	1641	11100	1	141	1	408	1	1	1	1	1	300
525	2758	11100	1	141	1	327	1	1	1	1	1	300
526	3373	11100	1	141	1	374	1	1	1	1	1	300
527	2199	11100	1	142	1	165	1	1	1	1	1	300
528	2201	11100	1	142	1	174	1	1	1	1	1	300
529	3498	11100	1	142	1	192	1	1	1	1	1	300
530	118	11100	1	143	1	247	1	1	1	1	1	300
531	2240	11100	1	143	1	385	1	1	1	1	1	300
532	2354	11100	1	143	1	154	1	1	1	1	1	300
533	2362	11100	1	143	1	232	1	1	1	1	1	300
534	108	11100	1	144	1	154	1	1	1	1	1	300
535	1650	11100	1	144	1	250	1	1	1	1	1	300
536	2990	11100	1	144	1	174	1	1	1	1	1	300
537	136	11100	1	145	1	326	1	1	1	1	1	300
538	156	11100	1	145	1	476	1	1	1	1	1	300
539	2367	11100	1	145	1	385	1	1	1	1	1	300
540	3112	11100	1	145	1	258	1	1	1	1	1	300
541	573	11100	1	146	1	127	1	1	1	1	1	300
542	624	11100	1	146	1	323	1	1	1	1	1	300
543	635	11100	1	146	1	265	1	1	1	1	1	300
544	19	11100	1	147	1	218	1	1	1	1	1	300
545	2086	11100	1	147	1	142	1	1	1	1	1	300
546	2107	11100	1	147	1	602	1	1	1	1	1	300
547	3451	11100	1	147	1	562	1	1	1	1	1	300
548	617	11100	1	148	1	203	1	1	1	1	1	300
549	1045	11100	1	148	1	56	1	1	1	1	1	300
550	2018	11100	1	148	1	240	1	1	1	1	1	300
551	849	11100	1	149	1	297	1	1	1	1	1	300
552	1638	11100	1	149	1	160	1	1	1	1	1	300
553	2913	11100	1	149	1	190	1	1	1	1	1	300
554	3296	11100	1	149	1	200	1	1	1	1	1	300
555	1042	11100	1	150	1	353	1	1	1	1	1	300
556	1519	11100	1	150	1	352	1	1	1	1	1	300
557	3012	11100	1	150	1	200	1	1	1	1	1	300
558	3104	11100	1	150	1	350	1	1	1	1	1	300
559	1945	11100	1	151	1	159	1	1	1	1	1	300
560	2019	11100	1	151	1	232	1	1	1	1	1	300
561	2712	11100	1	151	1	169	1	1	1	1	1	300
562	669	11100	1	152	1	677	1	1	1	1	1	300
563	1996	11100	1	152	1	327	1	1	1	1	1	300
564	2760	11100	1	152	1	355	1	1	1	1	1	300
565	673	11100	1	153	1	227	1	1	1	1	1	300
566	1724	11100	1	153	1	112	1	1	1	1	1	300
567	3393	11100	1	153	1	100	1	1	1	1	1	300
568	2088	11100	1	154	1	562	1	1	1	1	1	300
569	2101	11100	1	154	1	594	1	1	1	1	1	300
570	2293	11100	1	154	1	418	1	1	1	1	1	300
571	3129	11100	1	154	1	395	1	1	1	1	1	300
572	850	11100	1	155	1	194	1	1	1	1	1	300
573	1841	11100	1	155	1	399	1	1	1	1	1	300
574	2896	11100	1	155	1	194	1	1	1	1	1	300
575	3298	11100	1	155	1	297	1	1	1	1	1	300
576	917	11100	1	156	1	482	1	1	1	1	1	300
577	1821	11100	1	156	1	690	1	1	1	1	1	300
578	3011	11100	1	156	1	352	1	1	1	1	1	300
579	3279	11100	1	156	1	406	1	1	1	1	1	300
580	622	11100	1	157	1	166	1	1	1	1	1	300
581	676	11100	1	157	1	472	1	1	1	1	1	300
582	2754	11100	1	157	1	157	1	1	1	1	1	300
583	3394	11100	1	157	1	227	1	1	1	1	1	300
584	2098	11100	1	158	1	395	1	1	1	1	1	300
585	2100	11100	1	158	1	592	1	1	1	1	1	300
586	3204	11100	1	158	1	666	1	1	1	1	1	300
587	3307	11100	1	158	1	384	1	1	1	1	1	300
588	1193	11100	1	159	1	253	1	1	1	1	1	300
589	2144	11100	1	159	1	762	1	1	1	1	1	300
590	2318	11100	1	159	1	190	1	1	1	1	1	300
591	1520	11100	1	160	1	183	1	1	1	1	1	300
592	2755	11100	1	160	1	229	1	1	1	1	1	300
593	2761	11100	1	160	1	166	1	1	1	1	1	300
594	24	11100	1	161	1	309	1	1	1	1	1	300
595	28	11100	1	161	1	404	1	1	1	1	1	300
596	2299	11100	1	161	1	565	1	1	1	1	1	300
597	3443	11100	1	161	1	602	1	1	1	1	1	300
598	461	11100	1	162	1	640	1	1	1	1	1	300
599	470	11100	1	162	1	792	1	1	1	1	1	300
600	2584	11100	1	162	1	450	1	1	1	1	1	300
601	1813	11100	1	163	1	406	1	1	1	1	1	300
602	1819	11100	1	163	1	676	1	1	1	1	1	300
603	3278	11100	1	163	1	87	1	1	1	1	1	300
604	3282	11100	1	163	1	381	1	1	1	1	1	300
605	851	11100	1	164	1	384	1	1	1	1	1	300
606	1843	11100	1	164	1	597	1	1	1	1	1	300
607	2861	11100	1	164	1	200	1	1	1	1	1	300
608	3122	11100	1	164	1	399	1	1	1	1	1	300
609	132	11100	1	165	1	265	1	1	1	1	1	300
610	1353	11100	1	165	1	64	1	1	1	1	1	300
611	2379	11100	1	165	1	279	1	1	1	1	1	300
612	1815	11100	1	166	1	381	1	1	1	1	1	300
613	2029	11100	1	166	1	679	1	1	1	1	1	300
614	2714	11100	1	166	1	257	1	1	1	1	1	300
615	2716	11100	1	166	1	561	1	1	1	1	1	300
616	462	11100	1	167	1	350	1	1	1	1	1	300
617	1972	11100	1	167	1	339	1	1	1	1	1	300
618	3123	11100	1	167	1	640	1	1	1	1	1	300
619	857	11100	1	168	1	200	1	1	1	1	1	300
620	859	11100	1	168	1	601	1	1	1	1	1	300
621	2906	11100	1	168	1	221	1	1	1	1	1	300
622	3300	11100	1	168	1	127	1	1	1	1	1	300
623	140	11100	1	169	1	144	1	1	1	1	1	300
624	1354	11100	1	169	1	91	1	1	1	1	1	300
625	3059	11100	1	169	1	64	1	1	1	1	1	300
626	3489	11100	1	169	1	451	1	1	1	1	1	300
627	1949	11100	1	170	1	250	1	1	1	1	1	300
628	2108	11100	1	170	1	565	1	1	1	1	1	300
629	2857	11100	1	170	1	394	1	1	1	1	1	300
630	3450	11100	1	170	1	594	1	1	1	1	1	300
631	2163	11100	1	171	1	203	1	1	1	1	1	300
632	2360	11100	1	171	1	132	1	1	1	1	1	300
633	3114	11100	1	171	1	457	1	1	1	1	1	300
634	672	11100	1	172	1	430	1	1	1	1	1	300
635	2752	11100	1	172	1	239	1	1	1	1	1	300
636	2759	11100	1	172	1	259	1	1	1	1	1	300
637	898	11100	1	173	1	124	1	1	1	1	1	300
638	910	11100	1	173	1	221	1	1	1	1	1	300
639	3285	11100	1	173	1	207	1	1	1	1	1	300
640	916	11100	1	174	1	569	1	1	1	1	1	300
641	1822	11100	1	174	1	207	1	1	1	1	1	300
642	3205	11100	1	174	1	468	1	1	1	1	1	300
643	3277	11100	1	174	1	690	1	1	1	1	1	300
644	466	11100	1	175	1	620	1	1	1	1	1	300
645	472	11100	1	175	1	639	1	1	1	1	1	300
646	3125	11100	1	175	1	339	1	1	1	1	1	300
647	3220	11100	1	175	1	288	1	1	1	1	1	300
648	855	11100	1	176	1	394	1	1	1	1	1	300
649	2104	11100	1	176	1	527	1	1	1	1	1	300
650	2864	11100	1	176	1	592	1	1	1	1	1	300
651	3303	11100	1	176	1	384	1	1	1	1	1	300
652	453	11100	1	177	1	50	1	1	1	1	1	300
653	476	11100	1	177	1	87	1	1	1	1	1	300
654	2589	11100	1	177	1	848	1	1	1	1	1	300
655	135	11100	1	178	1	451	1	1	1	1	1	300
656	2165	11100	1	178	1	127	1	1	1	1	1	300
657	2363	11100	1	178	1	203	1	1	1	1	1	300
658	3166	11100	1	178	1	131	1	1	1	1	1	300
659	1184	11100	1	179	1	147	1	1	1	1	1	300
660	1384	11100	1	179	1	394	1	1	1	1	1	300
661	3164	11100	1	179	1	352	1	1	1	1	1	300
662	3481	11100	1	179	1	235	1	1	1	1	1	300
663	473	11100	1	180	1	152	1	1	1	1	1	300
664	479	11100	1	180	1	154	1	1	1	1	1	300
665	2586	11100	1	180	1	87	1	1	1	1	1	300
666	2587	11100	1	180	1	87	1	1	1	1	1	300
667	2164	11100	1	181	1	131	1	1	1	1	1	300
668	2358	11100	1	181	1	199	1	1	1	1	1	300
669	3473	11100	1	181	1	262	1	1	1	1	1	300
670	1753	11100	1	182	1	772	1	1	1	1	1	300
671	1973	11100	1	182	1	288	1	1	1	1	1	300
672	3347	11100	1	182	1	807	1	1	1	1	1	300
673	447	11100	1	183	1	522	1	1	1	1	1	300
674	1963	11100	1	183	1	150	1	1	1	1	1	300
675	2579	11100	1	183	1	50	1	1	1	1	1	300
676	911	11100	1	184	1	245	1	1	1	1	1	300
677	1823	11100	1	184	1	468	1	1	1	1	1	300
678	3280	11100	1	184	1	676	1	1	1	1	1	300
679	3284	11100	1	184	1	326	1	1	1	1	1	300
680	852	11100	1	185	1	384	1	1	1	1	1	300
681	853	11100	1	185	1	913	1	1	1	1	1	300
682	3202	11100	1	185	1	203	1	1	1	1	1	300
683	3299	11100	1	185	1	597	1	1	1	1	1	300
684	1222	11100	1	186	1	614	1	1	1	1	1	300
685	2691	11100	1	186	1	88	1	1	1	1	1	300
686	3162	11100	1	186	1	690	1	1	1	1	1	300
687	1191	11100	1	187	1	115	1	1	1	1	1	300
688	2136	11100	1	187	1	623	1	1	1	1	1	300
689	3457	11100	1	187	1	114	1	1	1	1	1	300
690	83	11100	1	188	1	126	1	1	1	1	1	300
691	101	11100	1	188	1	262	1	1	1	1	1	300
692	2320	11100	1	188	1	762	1	1	1	1	1	300
693	3064	11100	1	188	1	389	1	1	1	1	1	300
694	1741	11100	1	189	1	177	1	1	1	1	1	300
695	2021	11100	1	189	1	88	1	1	1	1	1	300
696	2711	11100	1	189	1	313	1	1	1	1	1	300
697	1844	11100	1	190	1	203	1	1	1	1	1	300
698	1845	11100	1	190	1	554	1	1	1	1	1	300
699	3301	11100	1	190	1	601	1	1	1	1	1	300
700	605	11100	1	191	1	169	1	1	1	1	1	300
701	2022	11100	1	191	1	287	1	1	1	1	1	300
702	3395	11100	1	191	1	88	1	1	1	1	1	300
703	971	11100	1	192	1	350	1	1	1	1	1	300
704	1748	11100	1	192	1	175	1	1	1	1	1	300
705	3223	11100	1	192	1	370	1	1	1	1	1	300
706	2167	11100	1	193	1	390	1	1	1	1	1	300
707	2173	11100	1	193	1	253	1	1	1	1	1	300
708	3021	11100	1	193	1	264	1	1	1	1	1	300
709	3126	11100	1	193	1	197	1	1	1	1	1	300
710	626	11100	1	194	1	250	1	1	1	1	1	300
711	2030	11100	1	194	1	126	1	1	1	1	1	300
712	2702	11100	1	194	1	173	1	1	1	1	1	300
713	3281	11100	1	194	1	679	1	1	1	1	1	300
714	40	11100	1	195	1	246	1	1	1	1	1	300
715	2143	11100	1	195	1	389	1	1	1	1	1	300
716	3065	11100	1	195	1	394	1	1	1	1	1	300
717	3250	11100	1	195	1	434	1	1	1	1	1	300
718	912	11100	1	196	1	527	1	1	1	1	1	300
719	2899	11100	1	196	1	330	1	1	1	1	1	300
720	2907	11100	1	196	1	245	1	1	1	1	1	300
721	786	11100	1	197	1	191	1	1	1	1	1	300
722	1529	11100	1	197	1	255	1	1	1	1	1	300
723	3130	11100	1	197	1	527	1	1	1	1	1	300
724	1034	11100	1	198	1	197	1	1	1	1	1	300
725	1189	11100	1	198	1	70	1	1	1	1	1	300
726	2168	11100	1	198	1	95	1	1	1	1	1	300
727	614	11100	1	199	1	173	1	1	1	1	1	300
728	1769	11100	1	199	1	221	1	1	1	1	1	300
729	3044	11100	1	199	1	97	1	1	1	1	1	300
730	1226	11100	1	200	1	97	1	1	1	1	1	300
731	1768	11100	1	200	1	251	1	1	1	1	1	300
732	2725	11100	1	200	1	174	1	1	1	1	1	300
733	98	11100	1	201	1	89	1	1	1	1	1	300
734	1723	11100	1	201	1	420	1	1	1	1	1	300
735	2350	11100	1	201	1	273	1	1	1	1	1	300
736	597	11100	1	202	1	136	1	1	1	1	1	300
737	2703	11100	1	202	1	50	1	1	1	1	1	300
738	3127	11100	1	202	1	256	1	1	1	1	1	300
739	900	11100	1	203	1	152	1	1	1	1	1	300
740	1816	11100	1	203	1	231	1	1	1	1	1	300
741	2671	11100	1	203	1	149	1	1	1	1	1	300
742	3401	11100	1	203	1	250	1	1	1	1	1	300
743	638	11100	1	204	1	80	1	1	1	1	1	300
744	2739	11100	1	204	1	298	1	1	1	1	1	300
745	3398	11100	1	204	1	395	1	1	1	1	1	300
746	1382	11100	1	205	1	434	1	1	1	1	1	300
747	1788	11100	1	205	1	126	1	1	1	1	1	300
748	3027	11100	1	205	1	273	1	1	1	1	1	300
749	3470	11100	1	205	1	178	1	1	1	1	1	300
750	1754	11100	1	206	1	468	1	1	1	1	1	300
751	1765	11100	1	206	1	979	1	1	1	1	1	300
752	3235	11100	1	206	1	203	1	1	1	1	1	300
753	3331	11100	1	206	1	156	1	1	1	1	1	300
754	2176	11100	1	207	1	336	1	1	1	1	1	300
755	2192	11100	1	207	1	772	1	1	1	1	1	300
756	3491	11100	1	207	1	162	1	1	1	1	1	300
757	3493	11100	1	207	1	390	1	1	1	1	1	300
758	179	11100	1	208	1	143	1	1	1	1	1	300
759	1311	11100	1	208	1	182	1	1	1	1	1	300
760	1908	11100	1	208	1	245	1	1	1	1	1	300
761	32	11100	1	209	1	366	1	1	1	1	1	300
762	56	11100	1	209	1	118	1	1	1	1	1	300
763	2330	11100	1	209	1	146	1	1	1	1	1	300
764	2134	11100	1	210	1	178	1	1	1	1	1	300
765	2135	11100	1	210	1	128	1	1	1	1	1	300
766	3342	11100	1	210	1	623	1	1	1	1	1	300
767	1847	11100	1	211	1	409	1	1	1	1	1	300
768	2863	11100	1	211	1	554	1	1	1	1	1	300
769	3287	11100	1	211	1	442	1	1	1	1	1	300
770	1033	11100	1	212	1	162	1	1	1	1	1	300
771	2174	11100	1	212	1	403	1	1	1	1	1	300
772	3061	11100	1	212	1	89	1	1	1	1	1	300
773	637	11100	1	213	1	395	1	1	1	1	1	300
774	2704	11100	1	213	1	256	1	1	1	1	1	300
775	2726	11100	1	213	1	178	1	1	1	1	1	300
776	3397	11100	1	213	1	170	1	1	1	1	1	300
777	1755	11100	1	214	1	498	1	1	1	1	1	300
778	2582	11100	1	214	1	468	1	1	1	1	1	300
779	3219	11100	1	214	1	772	1	1	1	1	1	300
780	69	11100	1	215	1	105	1	1	1	1	1	300
781	1532	11100	1	215	1	236	1	1	1	1	1	300
782	2332	11100	1	215	1	118	1	1	1	1	1	300
783	1818	11100	1	216	1	223	1	1	1	1	1	300
784	2715	11100	1	216	1	231	1	1	1	1	1	300
785	2997	11100	1	216	1	96	1	1	1	1	1	300
786	1670	11100	1	217	1	523	1	1	1	1	1	300
787	1676	11100	1	217	1	89	1	1	1	1	1	300
788	3494	11100	1	217	1	100	1	1	1	1	1	300
789	913	11100	1	218	1	120	1	1	1	1	1	300
790	2905	11100	1	218	1	113	1	1	1	1	1	300
791	2908	11100	1	218	1	527	1	1	1	1	1	300
792	794	11100	1	219	1	203	1	1	1	1	1	300
793	1891	11100	1	219	1	251	1	1	1	1	1	300
794	3469	11100	1	219	1	128	1	1	1	1	1	300
795	593	11100	1	220	1	113	1	1	1	1	1	300
796	640	11100	1	220	1	178	1	1	1	1	1	300
797	2681	11100	1	220	1	108	1	1	1	1	1	300
798	2741	11100	1	220	1	490	1	1	1	1	1	300
799	131	11100	1	221	1	350	1	1	1	1	1	300
800	2170	11100	1	221	1	100	1	1	1	1	1	300
801	2361	11100	1	221	1	420	1	1	1	1	1	300
802	3482	11100	1	221	1	363	1	1	1	1	1	300
803	595	11100	1	222	1	50	1	1	1	1	1	300
804	1523	11100	1	222	1	221	1	1	1	1	1	300
805	2024	11100	1	222	1	170	1	1	1	1	1	300
806	867	11100	1	223	1	442	1	1	1	1	1	300
807	1826	11100	1	223	1	186	1	1	1	1	1	300
808	2914	11100	1	223	1	578	1	1	1	1	1	300
809	3452	11100	1	223	1	430	1	1	1	1	1	300
810	1817	11100	1	224	1	279	1	1	1	1	1	300
811	2033	11100	1	224	1	198	1	1	1	1	1	300
812	2706	11100	1	224	1	637	1	1	1	1	1	300
813	1848	11100	1	225	1	93	1	1	1	1	1	300
814	2119	11100	1	225	1	260	1	1	1	1	1	300
815	3302	11100	1	225	1	913	1	1	1	1	1	300
816	601	11100	1	226	1	104	1	1	1	1	1	300
817	2034	11100	1	226	1	637	1	1	1	1	1	300
818	2689	11100	1	226	1	154	1	1	1	1	1	300
819	3190	11100	1	226	1	758	1	1	1	1	1	300
820	1254	11100	1	227	1	286	1	1	1	1	1	300
821	1518	11100	1	227	1	1094	1	1	1	1	1	300
822	2916	11100	1	227	1	223	1	1	1	1	1	300
823	3404	11100	1	227	1	279	1	1	1	1	1	300
824	29	11100	1	228	1	378	1	1	1	1	1	300
825	1890	11100	1	228	1	195	1	1	1	1	1	300
826	2313	11100	1	228	1	251	1	1	1	1	1	300
827	1032	11100	1	229	1	180	1	1	1	1	1	300
828	2177	11100	1	229	1	64	1	1	1	1	1	300
829	3049	11100	1	229	1	79	1	1	1	1	1	300
830	909	11100	1	230	1	344	1	1	1	1	1	300
831	2099	11100	1	230	1	400	1	1	1	1	1	300
832	2900	11100	1	230	1	153	1	1	1	1	1	300
833	3283	11100	1	230	1	286	1	1	1	1	1	300
834	1235	11100	1	231	1	758	1	1	1	1	1	300
835	1634	11100	1	231	1	490	1	1	1	1	1	300
836	2727	11100	1	231	1	669	1	1	1	1	1	300
837	789	11100	1	232	1	206	1	1	1	1	1	300
838	864	11100	1	232	1	129	1	1	1	1	1	300
839	2866	11100	1	232	1	152	1	1	1	1	1	300
840	862	11100	1	233	1	50	1	1	1	1	1	300
841	3304	11100	1	233	1	409	1	1	1	1	1	300
842	3305	11100	1	233	1	356	1	1	1	1	1	300
843	858	11100	1	234	1	130	1	1	1	1	1	300
844	866	11100	1	234	1	111	1	1	1	1	1	300
845	2871	11100	1	234	1	82	1	1	1	1	1	300
846	3288	11100	1	234	1	186	1	1	1	1	1	300
847	842	11100	1	235	1	225	1	1	1	1	1	300
848	1825	11100	1	235	1	430	1	1	1	1	1	300
849	3045	11100	1	235	1	50	1	1	1	1	1	300
850	844	11100	1	236	1	111	1	1	1	1	1	300
851	919	11100	1	236	1	79	1	1	1	1	1	300
852	1232	11100	1	236	1	50	1	1	1	1	1	300
853	2912	11100	1	236	1	400	1	1	1	1	1	300
854	845	11100	1	237	1	256	1	1	1	1	1	300
855	3325	11100	1	237	1	581	1	1	1	1	1	300
856	3405	11100	1	237	1	198	1	1	1	1	1	300
857	598	11100	1	238	1	244	1	1	1	1	1	300
858	1522	11100	1	238	1	221	1	1	1	1	1	300
859	2026	11100	1	238	1	214	1	1	1	1	1	300
860	2685	11100	1	238	1	157	1	1	1	1	1	300
861	785	11100	1	239	1	91	1	1	1	1	1	300
862	854	11100	1	239	1	128	1	1	1	1	1	300
863	3091	11100	1	239	1	260	1	1	1	1	1	300
864	1206	11100	1	240	1	1325	1	1	1	1	1	300
865	1759	11100	1	240	1	618	1	1	1	1	1	300
866	2974	11100	1	240	1	647	1	1	1	1	1	300
867	3047	11100	1	240	1	414	1	1	1	1	1	300
868	475	11100	1	241	1	176	1	1	1	1	1	300
869	1159	11100	1	241	1	984	1	1	1	1	1	300
870	2590	11100	1	241	1	110	1	1	1	1	1	300
871	3221	11100	1	241	1	423	1	1	1	1	1	300
872	848	11100	1	242	1	64	1	1	1	1	1	300
873	1020	11100	1	242	1	50	1	1	1	1	1	300
874	2911	11100	1	242	1	79	1	1	1	1	1	300
875	1250	11100	1	243	1	423	1	1	1	1	1	300
876	1756	11100	1	243	1	117	1	1	1	1	1	300
877	2583	11100	1	243	1	498	1	1	1	1	1	300
878	3233	11100	1	243	1	287	1	1	1	1	1	300
879	44	11100	1	244	1	97	1	1	1	1	1	300
880	79	11100	1	244	1	341	1	1	1	1	1	300
881	3487	11100	1	244	1	209	1	1	1	1	1	300
882	1849	11100	1	245	1	494	1	1	1	1	1	300
883	2992	11100	1	245	1	50	1	1	1	1	1	300
884	2993	11100	1	245	1	50	1	1	1	1	1	300
885	787	11100	1	246	1	93	1	1	1	1	1	300
886	865	11100	1	246	1	253	1	1	1	1	1	300
887	2867	11100	1	246	1	129	1	1	1	1	1	300
888	843	11100	1	247	1	153	1	1	1	1	1	300
889	1910	11100	1	247	1	50	1	1	1	1	1	300
890	2921	11100	1	247	1	220	1	1	1	1	1	300
891	579	11100	1	248	1	303	1	1	1	1	1	300
892	659	11100	1	248	1	115	1	1	1	1	1	300
893	3387	11100	1	248	1	984	1	1	1	1	1	300
894	784	11100	1	249	1	50	1	1	1	1	1	300
895	1308	11100	1	249	1	269	1	1	1	1	1	300
896	2120	11100	1	249	1	104	1	1	1	1	1	300
897	1501	11100	1	250	1	252	1	1	1	1	1	300
898	2122	11100	1	250	1	108	1	1	1	1	1	300
899	2858	11100	1	250	1	128	1	1	1	1	1	300
900	53	11100	1	251	1	119	1	1	1	1	1	300
901	2152	11100	1	251	1	368	1	1	1	1	1	300
902	2986	11100	1	251	1	205	1	1	1	1	1	300
903	860	11100	1	252	1	188	1	1	1	1	1	300
904	1846	11100	1	252	1	356	1	1	1	1	1	300
905	2874	11100	1	252	1	125	1	1	1	1	1	300
906	167	11100	1	253	1	448	1	1	1	1	1	300
907	2186	11100	1	253	1	404	1	1	1	1	1	300
908	2393	11100	1	253	1	208	1	1	1	1	1	300
909	3023	11100	1	253	1	425	1	1	1	1	1	300
910	1877	11100	1	254	1	209	1	1	1	1	1	300
911	2155	11100	1	254	1	82	1	1	1	1	1	300
912	3484	11100	1	254	1	378	1	1	1	1	1	300
913	3488	11100	1	254	1	193	1	1	1	1	1	300
914	653	11100	1	255	1	498	1	1	1	1	1	300
915	2025	11100	1	255	1	249	1	1	1	1	1	300
916	2705	11100	1	255	1	214	1	1	1	1	1	300
917	2742	11100	1	255	1	481	1	1	1	1	1	300
918	85	11100	1	256	1	200	1	1	1	1	1	300
919	97	11100	1	256	1	465	1	1	1	1	1	300
920	2334	11100	1	256	1	176	1	1	1	1	1	300
921	43	11100	1	257	1	205	1	1	1	1	1	300
922	2157	11100	1	257	1	129	1	1	1	1	1	300
923	2998	11100	1	257	1	82	1	1	1	1	1	300
924	3321	11100	1	257	1	201	1	1	1	1	1	300
925	872	11100	1	258	1	125	1	1	1	1	1	300
926	1322	11100	1	258	1	71	1	1	1	1	1	300
927	2873	11100	1	258	1	129	1	1	1	1	1	300
928	3344	11100	1	258	1	111	1	1	1	1	1	300
929	790	11100	1	259	1	95	1	1	1	1	1	300
930	869	11100	1	259	1	249	1	1	1	1	1	300
931	2868	11100	1	259	1	253	1	1	1	1	1	300
932	1661	11100	1	260	1	490	1	1	1	1	1	300
933	1722	11100	1	260	1	287	1	1	1	1	1	300
934	3234	11100	1	260	1	58	1	1	1	1	1	300
935	3236	11100	1	260	1	979	1	1	1	1	1	300
936	446	11100	1	261	1	491	1	1	1	1	1	300
937	1767	11100	1	261	1	58	1	1	1	1	1	300
938	3332	11100	1	261	1	93	1	1	1	1	1	300
939	804	11100	1	262	1	377	1	1	1	1	1	300
940	2156	11100	1	262	1	193	1	1	1	1	1	300
941	3486	11100	1	262	1	201	1	1	1	1	1	300
942	1888	11100	1	263	1	77	1	1	1	1	1	300
943	2184	11100	1	263	1	123	1	1	1	1	1	300
944	2380	11100	1	263	1	388	1	1	1	1	1	300
945	2381	11100	1	263	1	291	1	1	1	1	1	300
946	803	11100	1	264	1	131	1	1	1	1	1	300
947	1876	11100	1	264	1	90	1	1	1	1	1	300
948	3318	11100	1	264	1	202	1	1	1	1	1	300
949	52	11100	1	265	1	176	1	1	1	1	1	300
950	1711	11100	1	265	1	445	1	1	1	1	1	300
951	3322	11100	1	265	1	132	1	1	1	1	1	300
952	3485	11100	1	265	1	129	1	1	1	1	1	300
953	181	11100	1	266	1	98	1	1	1	1	1	300
954	871	11100	1	266	1	129	1	1	1	1	1	300
955	2875	11100	1	266	1	70	1	1	1	1	1	300
956	873	11100	1	267	1	70	1	1	1	1	1	300
957	1738	11100	1	267	1	254	1	1	1	1	1	300
958	2918	11100	1	267	1	494	1	1	1	1	1	300
959	485	11100	1	268	1	1320	1	1	1	1	1	300
960	1736	11100	1	268	1	433	1	1	1	1	1	300
961	2977	11100	1	268	1	618	1	1	1	1	1	300
962	3184	11100	1	268	1	531	1	1	1	1	1	300
963	999	11100	1	269	1	414	1	1	1	1	1	300
964	1503	11100	1	269	1	195	1	1	1	1	1	300
965	1760	11100	1	269	1	531	1	1	1	1	1	300
966	2975	11100	1	269	1	126	1	1	1	1	1	300
967	811	11100	1	270	1	119	1	1	1	1	1	300
968	2159	11100	1	270	1	201	1	1	1	1	1	300
969	3319	11100	1	270	1	204	1	1	1	1	1	300
970	808	11100	1	271	1	50	1	1	1	1	1	300
971	813	11100	1	271	1	68	1	1	1	1	1	300
972	3454	11100	1	271	1	203	1	1	1	1	1	300
973	874	11100	1	272	1	131	1	1	1	1	1	300
974	1874	11100	1	272	1	202	1	1	1	1	1	300
975	2869	11100	1	272	1	249	1	1	1	1	1	300
976	3308	11100	1	272	1	91	1	1	1	1	1	300
977	184	11100	1	273	1	50	1	1	1	1	1	300
978	781	11100	1	273	1	91	1	1	1	1	1	300
979	3317	11100	1	273	1	222	1	1	1	1	1	300
980	893	11100	1	274	1	231	1	1	1	1	1	300
981	1875	11100	1	274	1	204	1	1	1	1	1	300
982	2872	11100	1	274	1	131	1	1	1	1	1	300
983	3312	11100	1	274	1	204	1	1	1	1	1	300
984	886	11100	1	275	1	751	1	1	1	1	1	300
985	2105	11100	1	275	1	203	1	1	1	1	1	300
986	2876	11100	1	275	1	50	1	1	1	1	1	300
987	3336	11100	1	275	1	254	1	1	1	1	1	300
988	832	11100	1	276	1	254	1	1	1	1	1	300
989	1867	11100	1	276	1	94	1	1	1	1	1	300
990	2888	11100	1	276	1	203	1	1	1	1	1	300
991	183	11100	1	277	1	127	1	1	1	1	1	300
992	1326	11100	1	277	1	345	1	1	1	1	1	300
993	3316	11100	1	277	1	283	1	1	1	1	1	300
994	1329	11100	1	278	1	222	1	1	1	1	1	300
995	1951	11100	1	278	1	130	1	1	1	1	1	300
996	3147	11100	1	278	1	194	1	1	1	1	1	300
997	797	11100	1	279	1	382	1	1	1	1	1	300
998	1864	11100	1	279	1	204	1	1	1	1	1	300
999	3314	11100	1	279	1	202	1	1	1	1	1	300
1000	1543	11100	1	280	1	522	1	1	1	1	1	300
1001	1623	11100	1	280	1	122	1	1	1	1	1	300
1002	2595	11100	1	280	1	783	1	1	1	1	1	300
1003	840	11100	1	281	1	129	1	1	1	1	1	300
1004	889	11100	1	281	1	203	1	1	1	1	1	300
1005	3315	11100	1	281	1	65	1	1	1	1	1	300
1006	894	11100	1	282	1	474	1	1	1	1	1	300
1007	1852	11100	1	282	1	211	1	1	1	1	1	300
1008	2892	11100	1	282	1	231	1	1	1	1	1	300
1009	1480	11100	1	283	1	301	1	1	1	1	1	300
1010	3086	11100	1	283	1	202	1	1	1	1	1	300
1011	3343	11100	1	283	1	130	1	1	1	1	1	300
1012	923	11100	1	284	1	480	1	1	1	1	1	300
1013	2743	11100	1	284	1	293	1	1	1	1	1	300
1014	2746	11100	1	284	1	360	1	1	1	1	1	300
1015	833	11100	1	285	1	122	1	1	1	1	1	300
1016	2130	11100	1	285	1	202	1	1	1	1	1	300
1017	3313	11100	1	285	1	202	1	1	1	1	1	300
1018	170	11100	1	286	1	392	1	1	1	1	1	300
1019	2129	11100	1	286	1	281	1	1	1	1	1	300
1020	2402	11100	1	286	1	166	1	1	1	1	1	300
1021	3022	11100	1	286	1	324	1	1	1	1	1	300
1022	105	11100	1	287	1	285	1	1	1	1	1	300
1023	111	11100	1	287	1	344	1	1	1	1	1	300
1024	2346	11100	1	287	1	109	1	1	1	1	1	300
1025	2887	11100	1	287	1	213	1	1	1	1	1	300
1026	985	11100	1	288	1	340	1	1	1	1	1	300
1027	1885	11100	1	288	1	351	1	1	1	1	1	300
1028	3400	11100	1	288	1	480	1	1	1	1	1	300
1029	690	11100	1	289	1	215	1	1	1	1	1	300
1030	1537	11100	1	289	1	235	1	1	1	1	1	300
1031	2613	11100	1	289	1	469	1	1	1	1	1	300
1032	782	11100	1	290	1	202	1	1	1	1	1	300
1033	3146	11100	1	290	1	120	1	1	1	1	1	300
1034	3522	11100	1	290	1	170	1	1	1	1	1	300
1035	2216	11100	1	291	1	133	1	1	1	1	1	300
1036	2217	11100	1	291	1	116	1	1	1	1	1	300
1037	3524	11100	1	291	1	212	1	1	1	1	1	300
1038	3532	11100	1	291	1	362	1	1	1	1	1	300
1039	837	11100	1	292	1	105	1	1	1	1	1	300
1040	897	11100	1	292	1	206	1	1	1	1	1	300
1041	2893	11100	1	292	1	280	1	1	1	1	1	300
1042	2983	11100	1	292	1	496	1	1	1	1	1	300
1043	839	11100	1	293	1	252	1	1	1	1	1	300
1044	1865	11100	1	293	1	202	1	1	1	1	1	300
1045	3552	11100	1	293	1	204	1	1	1	1	1	300
1046	1305	11100	1	294	1	300	1	1	1	1	1	300
1047	1712	11100	1	294	1	396	1	1	1	1	1	300
1048	2922	11100	1	294	1	340	1	1	1	1	1	300
1049	163	11100	1	295	1	262	1	1	1	1	1	300
1050	2127	11100	1	295	1	109	1	1	1	1	1	300
1051	2397	11100	1	295	1	284	1	1	1	1	1	300
1052	2056	11100	1	296	1	369	1	1	1	1	1	300
1053	2214	11100	1	296	1	170	1	1	1	1	1	300
1054	3523	11100	1	296	1	133	1	1	1	1	1	300
1055	3526	11100	1	296	1	349	1	1	1	1	1	300
1056	1303	11100	1	297	1	148	1	1	1	1	1	300
1057	1335	11100	1	297	1	50	1	1	1	1	1	300
1058	3121	11100	1	297	1	443	1	1	1	1	1	300
1059	956	11100	1	298	1	70	1	1	1	1	1	300
1060	2224	11100	1	298	1	83	1	1	1	1	1	300
1061	3056	11100	1	298	1	50	1	1	1	1	1	300
1062	693	11100	1	299	1	462	1	1	1	1	1	300
1063	2776	11100	1	299	1	50	1	1	1	1	1	300
1064	2999	11100	1	299	1	215	1	1	1	1	1	300
1065	2252	11100	1	300	1	204	1	1	1	1	1	300
1066	2253	11100	1	300	1	120	1	1	1	1	1	300
1067	3553	11100	1	300	1	201	1	1	1	1	1	300
1068	965	11100	1	301	1	50	1	1	1	1	1	300
1069	2228	11100	1	301	1	132	1	1	1	1	1	300
1070	3530	11100	1	301	1	83	1	1	1	1	1	300
1071	656	11100	1	302	1	379	1	1	1	1	1	300
1072	2747	11100	1	302	1	50	1	1	1	1	1	300
1073	2768	11100	1	302	1	1832	1	1	1	1	1	300
1074	822	11100	1	303	1	397	1	1	1	1	1	300
1075	1861	11100	1	303	1	106	1	1	1	1	1	300
1076	2885	11100	1	303	1	185	1	1	1	1	1	300
1077	1306	11100	1	304	1	215	1	1	1	1	1	300
1078	2218	11100	1	304	1	362	1	1	1	1	1	300
1079	2227	11100	1	304	1	132	1	1	1	1	1	300
1080	2949	11100	1	304	1	50	1	1	1	1	1	300
1081	896	11100	1	305	1	280	1	1	1	1	1	300
1082	1025	11100	1	305	1	81	1	1	1	1	1	300
1083	2981	11100	1	305	1	474	1	1	1	1	1	300
1084	166	11100	1	306	1	133	1	1	1	1	1	300
1085	1048	11100	1	306	1	160	1	1	1	1	1	300
1086	3051	11100	1	306	1	96	1	1	1	1	1	300
1087	1037	11100	1	307	1	802	1	1	1	1	1	300
1088	2028	11100	1	307	1	360	1	1	1	1	1	300
1089	3010	11100	1	307	1	971	1	1	1	1	1	300
1090	3249	11100	1	307	1	221	1	1	1	1	1	300
1091	888	11100	1	308	1	287	1	1	1	1	1	300
1092	892	11100	1	308	1	199	1	1	1	1	1	300
1093	3000	11100	1	308	1	81	1	1	1	1	1	300
1094	3514	11100	1	308	1	223	1	1	1	1	1	300
1095	2215	11100	1	309	1	349	1	1	1	1	1	300
1096	2223	11100	1	309	1	257	1	1	1	1	1	300
1097	2948	11100	1	309	1	256	1	1	1	1	1	300
1098	3533	11100	1	309	1	132	1	1	1	1	1	300
1099	966	11100	1	310	1	316	1	1	1	1	1	300
1100	1500	11100	1	310	1	226	1	1	1	1	1	300
1101	2959	11100	1	310	1	178	1	1	1	1	1	300
1102	2961	11100	1	310	1	396	1	1	1	1	1	300
1103	827	11100	1	311	1	135	1	1	1	1	1	300
1104	885	11100	1	311	1	185	1	1	1	1	1	300
1105	2880	11100	1	311	1	193	1	1	1	1	1	300
1106	483	11100	1	312	1	783	1	1	1	1	1	300
1107	1535	11100	1	312	1	200	1	1	1	1	1	300
1108	2422	11100	1	312	1	649	1	1	1	1	1	300
1109	3228	11100	1	312	1	1320	1	1	1	1	1	300
1110	826	11100	1	313	1	174	1	1	1	1	1	300
1111	883	11100	1	313	1	126	1	1	1	1	1	300
1112	2886	11100	1	313	1	127	1	1	1	1	1	300
1113	1026	11100	1	314	1	173	1	1	1	1	1	300
1114	2060	11100	1	314	1	126	1	1	1	1	1	300
1115	3425	11100	1	314	1	297	1	1	1	1	1	300
1116	3521	11100	1	314	1	369	1	1	1	1	1	300
1117	982	11100	1	315	1	178	1	1	1	1	1	300
1118	983	11100	1	315	1	137	1	1	1	1	1	300
1119	3339	11100	1	315	1	117	1	1	1	1	1	300
1120	836	11100	1	316	1	544	1	1	1	1	1	300
1121	2205	11100	1	316	1	223	1	1	1	1	1	300
1122	3169	11100	1	316	1	250	1	1	1	1	1	300
1123	882	11100	1	317	1	174	1	1	1	1	1	300
1124	891	11100	1	317	1	172	1	1	1	1	1	300
1125	2881	11100	1	317	1	236	1	1	1	1	1	300
1126	2891	11100	1	317	1	199	1	1	1	1	1	300
1127	821	11100	1	318	1	245	1	1	1	1	1	300
1128	880	11100	1	318	1	193	1	1	1	1	1	300
1129	2877	11100	1	318	1	232	1	1	1	1	1	300
1130	261	11100	1	319	1	405	1	1	1	1	1	300
1131	679	11100	1	319	1	192	1	1	1	1	1	300
1132	2778	11100	1	319	1	462	1	1	1	1	1	300
1133	2226	11100	1	320	1	256	1	1	1	1	1	300
1134	2269	11100	1	320	1	50	1	1	1	1	1	300
1135	2991	11100	1	320	1	107	1	1	1	1	1	300
1136	3582	11100	1	320	1	50	1	1	1	1	1	300
1137	2220	11100	1	321	1	212	1	1	1	1	1	300
1138	2221	11100	1	321	1	116	1	1	1	1	1	300
1139	2527	11100	1	321	1	622	1	1	1	1	1	300
1140	3543	11100	1	321	1	257	1	1	1	1	1	300
1141	1860	11100	1	322	1	275	1	1	1	1	1	300
1142	2054	11100	1	322	1	126	1	1	1	1	1	300
1143	3429	11100	1	322	1	126	1	1	1	1	1	300
1144	138	11100	1	323	1	231	1	1	1	1	1	300
1145	141	11100	1	323	1	304	1	1	1	1	1	300
1146	3145	11100	1	323	1	472	1	1	1	1	1	300
1147	3503	11100	1	323	1	594	1	1	1	1	1	300
1148	176	11100	1	324	1	596	1	1	1	1	1	300
1149	2407	11100	1	324	1	444	1	1	1	1	1	300
1150	3171	11100	1	324	1	114	1	1	1	1	1	300
1151	200	11100	1	325	1	284	1	1	1	1	1	300
1152	201	11100	1	325	1	1379	1	1	1	1	1	300
1153	3043	11100	1	325	1	77	1	1	1	1	1	300
1154	823	11100	1	326	1	132	1	1	1	1	1	300
1155	1694	11100	1	326	1	250	1	1	1	1	1	300
1156	2512	11100	1	326	1	200	1	1	1	1	1	300
1157	964	11100	1	327	1	107	1	1	1	1	1	300
1158	1108	11100	1	327	1	407	1	1	1	1	1	300
1159	2538	11100	1	327	1	239	1	1	1	1	1	300
1160	2951	11100	1	327	1	316	1	1	1	1	1	300
1161	572	11100	1	328	1	198	1	1	1	1	1	300
1162	1534	11100	1	328	1	1832	1	1	1	1	1	300
1163	2767	11100	1	328	1	192	1	1	1	1	1	300
1164	824	11100	1	329	1	192	1	1	1	1	1	300
1165	881	11100	1	329	1	236	1	1	1	1	1	300
1166	2878	11100	1	329	1	249	1	1	1	1	1	300
1167	2055	11100	1	330	1	297	1	1	1	1	1	300
1168	2231	11100	1	330	1	132	1	1	1	1	1	300
1169	3528	11100	1	330	1	116	1	1	1	1	1	300
1170	3529	11100	1	330	1	146	1	1	1	1	1	300
1171	818	11100	1	331	1	174	1	1	1	1	1	300
1172	2057	11100	1	331	1	123	1	1	1	1	1	300
1173	3424	11100	1	331	1	126	1	1	1	1	1	300
1174	878	11100	1	332	1	200	1	1	1	1	1	300
1175	1005	11100	1	332	1	336	1	1	1	1	1	300
1176	2511	11100	1	332	1	169	1	1	1	1	1	300
1177	173	11100	1	333	1	231	1	1	1	1	1	300
1178	177	11100	1	333	1	602	1	1	1	1	1	300
1179	2408	11100	1	333	1	305	1	1	1	1	1	300
1180	3015	11100	1	333	1	114	1	1	1	1	1	300
1181	351	11100	1	334	1	170	1	1	1	1	1	300
1182	2229	11100	1	334	1	126	1	1	1	1	1	300
1183	3536	11100	1	334	1	132	1	1	1	1	1	300
1184	3584	11100	1	334	1	275	1	1	1	1	1	300
1185	1577	11100	1	335	1	203	1	1	1	1	1	300
1186	2222	11100	1	335	1	146	1	1	1	1	1	300
1187	3340	11100	1	335	1	50	1	1	1	1	1	300
1188	292	11100	1	336	1	241	1	1	1	1	1	300
1189	2210	11100	1	336	1	169	1	1	1	1	1	300
1190	3207	11100	1	336	1	374	1	1	1	1	1	300
1191	2059	11100	1	337	1	182	1	1	1	1	1	300
1192	2061	11100	1	337	1	103	1	1	1	1	1	300
1193	3426	11100	1	337	1	123	1	1	1	1	1	300
1194	3428	11100	1	337	1	254	1	1	1	1	1	300
1195	1301	11100	1	338	1	125	1	1	1	1	1	300
1196	1932	11100	1	338	1	50	1	1	1	1	1	300
1197	3052	11100	1	338	1	108	1	1	1	1	1	300
1198	1695	11100	1	339	1	261	1	1	1	1	1	300
1199	1857	11100	1	339	1	105	1	1	1	1	1	300
1200	3534	11100	1	339	1	126	1	1	1	1	1	300
1201	2053	11100	1	340	1	594	1	1	1	1	1	300
1202	2181	11100	1	340	1	150	1	1	1	1	1	300
1203	2499	11100	1	340	1	284	1	1	1	1	1	300
1204	2889	11100	1	340	1	305	1	1	1	1	1	300
1205	227	11100	1	341	1	387	1	1	1	1	1	300
1206	242	11100	1	341	1	1219	1	1	1	1	1	300
1207	2453	11100	1	341	1	91	1	1	1	1	1	300
1208	3338	11100	1	341	1	405	1	1	1	1	1	300
1209	324	11100	1	342	1	211	1	1	1	1	1	300
1210	1868	11100	1	342	1	374	1	1	1	1	1	300
1211	2472	11100	1	342	1	182	1	1	1	1	1	300
1212	3427	11100	1	342	1	260	1	1	1	1	1	300
1213	2058	11100	1	343	1	254	1	1	1	1	1	300
1214	2225	11100	1	343	1	146	1	1	1	1	1	300
1215	3527	11100	1	343	1	105	1	1	1	1	1	300
1216	3554	11100	1	343	1	166	1	1	1	1	1	300
1217	376	11100	1	344	1	136	1	1	1	1	1	300
1218	1696	11100	1	344	1	72	1	1	1	1	1	300
1219	2536	11100	1	344	1	219	1	1	1	1	1	300
1220	2950	11100	1	344	1	407	1	1	1	1	1	300
1221	346	11100	1	345	1	284	1	1	1	1	1	300
1222	1566	11100	1	345	1	240	1	1	1	1	1	300
1223	2195	11100	1	345	1	173	1	1	1	1	1	300
1224	2495	11100	1	345	1	294	1	1	1	1	1	300
1225	1855	11100	1	346	1	166	1	1	1	1	1	300
1226	1859	11100	1	346	1	182	1	1	1	1	1	300
1227	2503	11100	1	346	1	50	1	1	1	1	1	300
1228	1716	11100	1	347	1	217	1	1	1	1	1	300
1229	1851	11100	1	347	1	260	1	1	1	1	1	300
1230	3531	11100	1	347	1	146	1	1	1	1	1	300
1231	295	11100	1	348	1	207	1	1	1	1	1	300
1232	338	11100	1	348	1	110	1	1	1	1	1	300
1233	2487	11100	1	348	1	255	1	1	1	1	1	300
1234	2528	11100	1	349	1	221	1	1	1	1	1	300
1235	2530	11100	1	349	1	160	1	1	1	1	1	300
1236	3170	11100	1	349	1	72	1	1	1	1	1	300
1237	352	11100	1	350	1	50	1	1	1	1	1	300
1238	2230	11100	1	350	1	102	1	1	1	1	1	300
1239	3053	11100	1	350	1	59	1	1	1	1	1	300
1240	336	11100	1	351	1	255	1	1	1	1	1	300
1241	1775	11100	1	351	1	148	1	1	1	1	1	300
1242	3515	11100	1	351	1	177	1	1	1	1	1	300
1243	178	11100	1	352	1	579	1	1	1	1	1	300
1244	1989	11100	1	352	1	1871	1	1	1	1	1	300
1245	2978	11100	1	352	1	264	1	1	1	1	1	300
1246	3149	11100	1	352	1	82	1	1	1	1	1	300
1247	1995	11100	1	353	1	264	1	1	1	1	1	300
1248	2110	11100	1	353	1	368	1	1	1	1	1	300
1249	3058	11100	1	353	1	290	1	1	1	1	1	300
1250	361	11100	1	354	1	149	1	1	1	1	1	300
1251	2206	11100	1	354	1	177	1	1	1	1	1	300
1252	2508	11100	1	354	1	169	1	1	1	1	1	300
1253	3176	11100	1	354	1	171	1	1	1	1	1	300
1254	371	11100	1	355	1	70	1	1	1	1	1	300
1255	384	11100	1	355	1	219	1	1	1	1	1	300
1256	2534	11100	1	355	1	241	1	1	1	1	1	300
1257	2540	11100	1	355	1	115	1	1	1	1	1	300
1258	165	11100	1	356	1	250	1	1	1	1	1	300
1259	168	11100	1	356	1	290	1	1	1	1	1	300
1260	3458	11100	1	356	1	62	1	1	1	1	1	300
1261	1299	11100	1	357	1	59	1	1	1	1	1	300
1262	1579	11100	1	357	1	150	1	1	1	1	1	300
1263	2502	11100	1	357	1	94	1	1	1	1	1	300
1264	326	11100	1	358	1	97	1	1	1	1	1	300
1265	1706	11100	1	358	1	171	1	1	1	1	1	300
1266	3186	11100	1	358	1	180	1	1	1	1	1	300
1267	3297	11100	1	358	1	211	1	1	1	1	1	300
1268	1350	11100	1	359	1	525	1	1	1	1	1	300
1269	2063	11100	1	359	1	120	1	1	1	1	1	300
1270	2389	11100	1	359	1	374	1	1	1	1	1	300
1271	3500	11100	1	359	1	822	1	1	1	1	1	300
1272	2062	11100	1	360	1	822	1	1	1	1	1	300
1273	2067	11100	1	360	1	793	1	1	1	1	1	300
1274	2546	11100	1	360	1	175	1	1	1	1	1	300
1275	3509	11100	1	360	1	348	1	1	1	1	1	300
1276	2180	11100	1	361	1	348	1	1	1	1	1	300
1277	2498	11100	1	361	1	528	1	1	1	1	1	300
1278	3510	11100	1	361	1	173	1	1	1	1	1	300
1279	3516	11100	1	361	1	568	1	1	1	1	1	300
1280	367	11100	1	362	1	70	1	1	1	1	1	300
1281	381	11100	1	362	1	241	1	1	1	1	1	300
1282	2519	11100	1	362	1	122	1	1	1	1	1	300
1283	2542	11100	1	362	1	542	1	1	1	1	1	300
1284	345	11100	1	363	1	568	1	1	1	1	1	300
1285	2209	11100	1	363	1	157	1	1	1	1	1	300
1286	3517	11100	1	363	1	249	1	1	1	1	1	300
1287	332	11100	1	364	1	235	1	1	1	1	1	300
1288	355	11100	1	364	1	393	1	1	1	1	1	300
1289	2473	11100	1	364	1	234	1	1	1	1	1	300
1290	2479	11100	1	364	1	97	1	1	1	1	1	300
1291	296	11100	1	365	1	375	1	1	1	1	1	300
1292	2207	11100	1	365	1	249	1	1	1	1	1	300
1293	3518	11100	1	365	1	147	1	1	1	1	1	300
1294	320	11100	1	366	1	343	1	1	1	1	1	300
1295	325	11100	1	366	1	234	1	1	1	1	1	300
1296	2470	11100	1	366	1	295	1	1	1	1	1	300
1297	3535	11100	1	366	1	217	1	1	1	1	1	300
1298	291	11100	1	367	1	193	1	1	1	1	1	300
1299	1715	11100	1	367	1	295	1	1	1	1	1	300
1300	2288	11100	1	367	1	372	1	1	1	1	1	300
1301	3154	11100	1	367	1	86	1	1	1	1	1	300
1302	1620	11100	1	368	1	86	1	1	1	1	1	300
1303	1709	11100	1	368	1	159	1	1	1	1	1	300
1304	2468	11100	1	368	1	50	1	1	1	1	1	300
1305	271	11100	1	369	1	339	1	1	1	1	1	300
1306	375	11100	1	369	1	71	1	1	1	1	1	300
1307	2529	11100	1	369	1	160	1	1	1	1	1	300
1308	1567	11100	1	370	1	467	1	1	1	1	1	300
1309	1871	11100	1	370	1	260	1	1	1	1	1	300
1310	2458	11100	1	370	1	70	1	1	1	1	1	300
1311	257	11100	1	371	1	87	1	1	1	1	1	300
1312	1927	11100	1	371	1	386	1	1	1	1	1	300
1313	2449	11100	1	371	1	50	1	1	1	1	1	300
1314	241	11100	1	372	1	2023.00000000000	1	1	1	1	1	300
1315	2423	11100	1	372	1	1857	1	1	1	1	1	300
1316	2597	11100	1	372	1	1379	1	1	1	1	1	300
1317	315	11100	1	373	1	290	1	1	1	1	1	300
1318	317	11100	1	373	1	1126	1	1	1	1	1	300
1319	2531	11100	1	373	1	71	1	1	1	1	1	300
1320	3217	11100	1	373	1	100	1	1	1	1	1	300
1321	374	11100	1	374	1	124	1	1	1	1	1	300
1322	1180	11100	1	374	1	86	1	1	1	1	1	300
1323	1751	11100	1	374	1	100	1	1	1	1	1	300
1324	2535	11100	1	374	1	52	1	1	1	1	1	300
1325	382	11100	1	375	1	247	1	1	1	1	1	300
1326	1183	11100	1	375	1	105	1	1	1	1	1	300
1327	2521	11100	1	375	1	134	1	1	1	1	1	300
1328	3218	11100	1	375	1	313	1	1	1	1	1	300
1329	980	11100	1	376	1	542	1	1	1	1	1	300
1330	2541	11100	1	376	1	330	1	1	1	1	1	300
1331	2544	11100	1	376	1	142	1	1	1	1	1	300
1332	1181	11100	1	377	1	255	1	1	1	1	1	300
1333	1953	11100	1	377	1	127	1	1	1	1	1	300
1334	2956	11100	1	377	1	458	1	1	1	1	1	300
1335	3035	11100	1	377	1	105	1	1	1	1	1	300
1336	319	11100	1	378	1	300	1	1	1	1	1	300
1337	2286	11100	1	378	1	397	1	1	1	1	1	300
1338	2287	11100	1	378	1	224	1	1	1	1	1	300
1339	3183	11100	1	378	1	372	1	1	1	1	1	300
1340	391	11100	1	379	1	330	1	1	1	1	1	300
1341	3024	11100	1	379	1	172	1	1	1	1	1	300
1342	3334	11100	1	379	1	946	1	1	1	1	1	300
1343	1111	11100	1	380	1	225	1	1	1	1	1	300
1344	1346	11100	1	380	1	159	1	1	1	1	1	300
1345	2467	11100	1	380	1	178	1	1	1	1	1	300
1346	2115	11100	1	381	1	212	1	1	1	1	1	300
1347	2417	11100	1	381	1	139	1	1	1	1	1	300
1348	3192	11100	1	381	1	63	1	1	1	1	1	300
1349	1730	11100	1	382	1	63	1	1	1	1	1	300
1350	3057	11100	1	382	1	159	1	1	1	1	1	300
1351	3153	11100	1	382	1	154	1	1	1	1	1	300
1352	268	11100	1	383	1	224	1	1	1	1	1	300
1353	312	11100	1	383	1	79	1	1	1	1	1	300
1354	2466	11100	1	383	1	132	1	1	1	1	1	300
1355	190	11100	1	384	1	154	1	1	1	1	1	300
1356	2277	11100	1	384	1	184	1	1	1	1	1	300
1357	3462	11100	1	384	1	57	1	1	1	1	1	300
1358	987	11100	1	385	1	550	1	1	1	1	1	300
1359	2149	11100	1	385	1	680	1	1	1	1	1	300
1360	2501	11100	1	385	1	201	1	1	1	1	1	300
1361	3501	11100	1	385	1	793	1	1	1	1	1	300
1362	309	11100	1	386	1	223	1	1	1	1	1	300
1363	313	11100	1	386	1	132	1	1	1	1	1	300
1364	1283	11100	1	386	1	206	1	1	1	1	1	300
1365	2464	11100	1	386	1	550	1	1	1	1	1	300
1366	193	11100	1	387	1	1853	1	1	1	1	1	300
1367	2133	11100	1	387	1	835	1	1	1	1	1	300
1368	3459	11100	1	387	1	119	1	1	1	1	1	300
1369	3461	11100	1	387	1	212	1	1	1	1	1	300
1370	185	11100	1	388	1	286	1	1	1	1	1	300
1371	2114	11100	1	388	1	119	1	1	1	1	1	300
1372	2117	11100	1	388	1	57	1	1	1	1	1	300
1373	2415	11100	1	388	1	120	1	1	1	1	1	300
1374	1290	11100	1	389	1	183	1	1	1	1	1	300
1375	2113	11100	1	389	1	120	1	1	1	1	1	300
1376	3079	11100	1	389	1	206	1	1	1	1	1	300
1377	222	11100	1	390	1	204	1	1	1	1	1	300
1378	2439	11100	1	390	1	199	1	1	1	1	1	300
1379	2441	11100	1	390	1	636	1	1	1	1	1	300
1380	356	11100	1	391	1	540	1	1	1	1	1	300
1381	1772	11100	1	391	1	195	1	1	1	1	1	300
1382	3143	11100	1	391	1	50	1	1	1	1	1	300
1383	1558	11100	1	392	1	50	1	1	1	1	1	300
1384	1581	11100	1	392	1	218	1	1	1	1	1	300
1385	3076	11100	1	392	1	50	1	1	1	1	1	300
1386	318	11100	1	393	1	834	1	1	1	1	1	300
1387	2273	11100	1	393	1	168	1	1	1	1	1	300
1388	2526	11100	1	393	1	1152	1	1	1	1	1	300
1389	3142	11100	1	393	1	1126	1	1	1	1	1	300
1390	251	11100	1	394	1	446	1	1	1	1	1	300
1391	1919	11100	1	394	1	475	1	1	1	1	1	300
1392	3135	11100	1	394	1	2023.00000000000	1	1	1	1	1	300
1393	1470	11100	1	395	1	102	1	1	1	1	1	300
1394	2445	11100	1	395	1	143	1	1	1	1	1	300
1395	3073	11100	1	395	1	636	1	1	1	1	1	300
1396	3333	11100	1	395	1	224	1	1	1	1	1	300
1397	342	11100	1	396	1	124	1	1	1	1	1	300
1398	2491	11100	1	396	1	108	1	1	1	1	1	300
1399	2513	11100	1	396	1	954	1	1	1	1	1	300
1400	3144	11100	1	396	1	354	1	1	1	1	1	300
1401	254	11100	1	397	1	946	1	1	1	1	1	300
1402	1551	11100	1	397	1	164	1	1	1	1	1	300
1403	3137	11100	1	397	1	145	1	1	1	1	1	300
1404	249	11100	1	398	1	50	1	1	1	1	1	300
1405	1395	11100	1	398	1	302	1	1	1	1	1	300
1406	2443	11100	1	398	1	136	1	1	1	1	1	300
1407	231	11100	1	399	1	187	1	1	1	1	1	300
1408	1548	11100	1	399	1	145	1	1	1	1	1	300
1409	2425	11100	1	399	1	199	1	1	1	1	1	300
1410	2434	11100	1	399	1	239	1	1	1	1	1	300
1411	248	11100	1	400	1	136	1	1	1	1	1	300
1412	259	11100	1	400	1	57	1	1	1	1	1	300
1413	2456	11100	1	400	1	1551	1	1	1	1	1	300
1414	3180	11100	1	400	1	446	1	1	1	1	1	300
1415	218	11100	1	401	1	304	1	1	1	1	1	300
1416	1401	11100	1	401	1	145	1	1	1	1	1	300
1417	2452	11100	1	401	1	57	1	1	1	1	1	300
1418	2148	11100	1	402	1	120	1	1	1	1	1	300
1419	2150	11100	1	402	1	126	1	1	1	1	1	300
1420	2965	11100	1	402	1	51	1	1	1	1	1	300
1421	283	11100	1	403	1	207	1	1	1	1	1	300
1422	1462	11100	1	403	1	72	1	1	1	1	1	300
1423	2509	11100	1	403	1	550	1	1	1	1	1	300
1424	364	11100	1	405	1	50	1	1	1	1	1	300
1425	2271	11100	1	405	1	220	1	1	1	1	1	300
1426	3090	11100	1	405	1	67	1	1	1	1	1	300
1427	1549	11100	1	406	1	239	1	1	1	1	1	300
1428	1719	11100	1	406	1	196	1	1	1	1	1	300
1429	2433	11100	1	406	1	121	1	1	1	1	1	300
1430	3069	11100	1	406	1	801	1	1	1	1	1	300
1431	2131	11100	1	407	1	128	1	1	1	1	1	300
1432	2419	11100	1	407	1	835	1	1	1	1	1	300
1433	2463	11100	1	407	1	427	1	1	1	1	1	300
1434	285	11100	1	408	1	254	1	1	1	1	1	300
1435	358	11100	1	408	1	72	1	1	1	1	1	300
1436	360	11100	1	408	1	110	1	1	1	1	1	300
1437	990	11100	1	409	1	135	1	1	1	1	1	300
1438	1489	11100	1	409	1	487	1	1	1	1	1	300
1439	3478	11100	1	409	1	120	1	1	1	1	1	300
1440	1495	11100	1	410	1	67	1	1	1	1	1	300
1441	1604	11100	1	410	1	285	1	1	1	1	1	300
1442	2515	11100	1	410	1	102	1	1	1	1	1	300
1443	236	11100	1	411	1	736	1	1	1	1	1	300
1444	1585	11100	1	411	1	304	1	1	1	1	1	300
1445	2440	11100	1	411	1	50	1	1	1	1	1	300
1446	1546	11100	1	412	1	786	1	1	1	1	1	300
1447	1752	11100	1	412	1	238	1	1	1	1	1	300
1448	2429	11100	1	412	1	50	1	1	1	1	1	300
1449	3185	11100	1	412	1	196	1	1	1	1	1	300
1450	189	11100	1	413	1	319	1	1	1	1	1	300
1451	1594	11100	1	413	1	1230	1	1	1	1	1	300
1452	3370	11100	1	413	1	356	1	1	1	1	1	300
1453	3375	11100	1	413	1	1871	1	1	1	1	1	300
1454	202	11100	1	414	1	250	1	1	1	1	1	300
1455	237	11100	1	414	1	121	1	1	1	1	1	300
1456	3075	11100	1	414	1	118	1	1	1	1	1	300
1457	186	11100	1	415	1	421	1	1	1	1	1	300
1458	2032	11100	1	415	1	982	1	1	1	1	1	300
1459	3466	11100	1	415	1	128	1	1	1	1	1	300
1460	3467	11100	1	415	1	424	1	1	1	1	1	300
1461	1559	11100	1	416	1	751	1	1	1	1	1	300
1462	2185	11100	1	416	1	463	1	1	1	1	1	300
1463	2482	11100	1	416	1	172	1	1	1	1	1	300
1464	2995	11100	1	416	1	111	1	1	1	1	1	300
1465	204	11100	1	417	1	212	1	1	1	1	1	300
1466	234	11100	1	417	1	50	1	1	1	1	1	300
1467	3074	11100	1	417	1	84	1	1	1	1	1	300
1468	347	11100	1	418	1	825	1	1	1	1	1	300
1469	363	11100	1	418	1	102	1	1	1	1	1	300
1470	2485	11100	1	418	1	463	1	1	1	1	1	300
1471	2514	11100	1	418	1	100	1	1	1	1	1	300
1472	988	11100	1	419	1	141	1	1	1	1	1	300
1473	1473	11100	1	419	1	540	1	1	1	1	1	300
1474	3078	11100	1	419	1	135	1	1	1	1	1	300
1475	3475	11100	1	419	1	141	1	1	1	1	1	300
1476	1488	11100	1	420	1	207	1	1	1	1	1	300
1477	2145	11100	1	420	1	141	1	1	1	1	1	300
1478	3479	11100	1	420	1	125	1	1	1	1	1	300
1479	2140	11100	1	421	1	294	1	1	1	1	1	300
1480	2151	11100	1	421	1	125	1	1	1	1	1	300
1481	3476	11100	1	421	1	142	1	1	1	1	1	300
1482	3505	11100	1	421	1	825	1	1	1	1	1	300
1483	1493	11100	1	422	1	247	1	1	1	1	1	300
1484	1691	11100	1	422	1	124	1	1	1	1	1	300
1485	2457	11100	1	422	1	50	1	1	1	1	1	300
1486	263	11100	1	423	1	300	1	1	1	1	1	300
1487	1397	11100	1	423	1	84	1	1	1	1	1	300
1488	2428	11100	1	423	1	314	1	1	1	1	1	300
1489	1050	11100	1	424	1	227	1	1	1	1	1	300
1490	1550	11100	1	424	1	118	1	1	1	1	1	300
1491	2432	11100	1	424	1	324	1	1	1	1	1	300
1492	266	11100	1	425	1	261	1	1	1	1	1	300
1493	304	11100	1	425	1	119	1	1	1	1	1	300
1494	2963	11100	1	425	1	182	1	1	1	1	1	300
1495	979	11100	1	426	1	1426	1	1	1	1	1	300
1496	2431	11100	1	426	1	786	1	1	1	1	1	300
1497	2533	11100	1	426	1	119	1	1	1	1	1	300
1498	2031	11100	1	427	1	320	1	1	1	1	1	300
1499	2193	11100	1	427	1	261	1	1	1	1	1	300
1500	2469	11100	1	427	1	834	1	1	1	1	1	300
1501	362	11100	1	428	1	100	1	1	1	1	1	300
1502	1022	11100	1	428	1	342	1	1	1	1	1	300
1503	2189	11100	1	428	1	400	1	1	1	1	1	300
1504	1590	11100	1	429	1	182	1	1	1	1	1	300
1505	2142	11100	1	429	1	160	1	1	1	1	1	300
1506	3471	11100	1	429	1	75	1	1	1	1	1	300
1507	378	11100	1	430	1	119	1	1	1	1	1	300
1508	1114	11100	1	430	1	714	1	1	1	1	1	300
1509	3136	11100	1	430	1	126	1	1	1	1	1	300
1510	426	11100	1	431	1	800	1	1	1	1	1	300
1511	2187	11100	1	431	1	269	1	1	1	1	1	300
1512	3507	11100	1	431	1	400	1	1	1	1	1	300
1513	1051	11100	1	432	1	324	1	1	1	1	1	300
1514	1545	11100	1	432	1	317	1	1	1	1	1	300
1515	3068	11100	1	432	1	736	1	1	1	1	1	300
1516	3179	11100	1	432	1	358	1	1	1	1	1	300
1517	239	11100	1	433	1	547	1	1	1	1	1	300
1518	240	11100	1	433	1	314	1	1	1	1	1	300
1519	2455	11100	1	433	1	601	1	1	1	1	1	300
1520	3167	11100	1	433	1	317	1	1	1	1	1	300
1521	386	11100	1	434	1	303	1	1	1	1	1	300
1522	1544	11100	1	434	1	347	1	1	1	1	1	300
1523	2435	11100	1	434	1	547	1	1	1	1	1	300
1524	1547	11100	1	435	1	126	1	1	1	1	1	300
1525	1720	11100	1	435	1	612	1	1	1	1	1	300
1526	2537	11100	1	435	1	303	1	1	1	1	1	300
1527	2954	11100	1	435	1	621	1	1	1	1	1	300
1528	303	11100	1	436	1	349	1	1	1	1	1	300
1529	1557	11100	1	436	1	1152	1	1	1	1	1	300
1530	3081	11100	1	436	1	121	1	1	1	1	1	300
1531	323	11100	1	437	1	67	1	1	1	1	1	300
1532	3151	11100	1	437	1	211	1	1	1	1	1	300
1533	3165	11100	1	437	1	261	1	1	1	1	1	300
1534	1600	11100	1	438	1	472	1	1	1	1	1	300
1535	2197	11100	1	438	1	211	1	1	1	1	1	300
1536	2505	11100	1	438	1	154	1	1	1	1	1	300
1537	1448	11100	1	439	1	121	1	1	1	1	1	300
1538	1707	11100	1	439	1	221	1	1	1	1	1	300
1539	3003	11100	1	439	1	612	1	1	1	1	1	300
1540	3071	11100	1	439	1	752	1	1	1	1	1	300
1541	397	11100	1	440	1	1260	1	1	1	1	1	300
1542	1563	11100	1	440	1	317	1	1	1	1	1	300
1543	3511	11100	1	440	1	88	1	1	1	1	1	300
1544	353	11100	1	441	1	197	1	1	1	1	1	300
1545	1459	11100	1	441	1	296	1	1	1	1	1	300
1546	3077	11100	1	441	1	115	1	1	1	1	1	300
1547	1407	11100	1	442	1	115	1	1	1	1	1	300
1548	2275	11100	1	442	1	287	1	1	1	1	1	300
1549	3070	11100	1	442	1	50	1	1	1	1	1	300
1550	192	11100	1	443	1	160	1	1	1	1	1	300
1551	1596	11100	1	443	1	275	1	1	1	1	1	300
1552	3465	11100	1	443	1	982	1	1	1	1	1	300
1553	993	11100	1	445	1	340	1	1	1	1	1	300
1554	1631	11100	1	445	1	123	1	1	1	1	1	300
1555	2970	11100	1	445	1	598	1	1	1	1	1	300
1556	1733	11100	1	446	1	353	1	1	1	1	1	300
1557	2420	11100	1	446	1	254	1	1	1	1	1	300
1558	2969	11100	1	446	1	334	1	1	1	1	1	300
1559	428	11100	1	448	1	3256	1	1	1	1	1	300
1560	2010	11100	1	448	1	646	1	1	1	1	1	300
1561	3026	11100	1	448	1	353	1	1	1	1	1	300
1562	3371	11100	1	448	1	1230	1	1	1	1	1	300
1563	1705	11100	1	449	1	334	1	1	1	1	1	300
1564	2549	11100	1	449	1	918	1	1	1	1	1	300
1565	2550	11100	1	449	1	357	1	1	1	1	1	300
1566	3406	11100	1	449	1	116	1	1	1	1	1	300
1567	2036	11100	1	450	1	918	1	1	1	1	1	300
1568	2548	11100	1	450	1	690	1	1	1	1	1	300
1569	3194	11100	1	450	1	204	1	1	1	1	1	300
1570	421	11100	1	451	1	136	1	1	1	1	1	300
1571	2039	11100	1	451	1	846	1	1	1	1	1	300
1572	3080	11100	1	451	1	138	1	1	1	1	1	300
1573	3410	11100	1	451	1	262	1	1	1	1	1	300
1574	423	11100	1	452	1	296	1	1	1	1	1	300
1575	1442	11100	1	452	1	138	1	1	1	1	1	300
1576	2553	11100	1	452	1	231	1	1	1	1	1	300
1577	431	11100	1	453	1	671	1	1	1	1	1	300
1578	2042	11100	1	453	1	262	1	1	1	1	1	300
1579	3181	11100	1	453	1	296	1	1	1	1	1	300
1580	3412	11100	1	453	1	125	1	1	1	1	1	300
1581	429	11100	1	454	1	224	1	1	1	1	1	300
1582	1608	11100	1	454	1	306	1	1	1	1	1	300
1583	3148	11100	1	454	1	3256	1	1	1	1	1	300
1584	430	11100	1	455	1	422	1	1	1	1	1	300
1585	2279	11100	1	455	1	437	1	1	1	1	1	300
1586	3152	11100	1	455	1	224	1	1	1	1	1	300
1587	986	11100	1	456	1	1086	1	1	1	1	1	300
1588	2278	11100	1	456	1	295	1	1	1	1	1	300
1589	3411	11100	1	456	1	671	1	1	1	1	1	300
1590	2038	11100	1	457	1	764	1	1	1	1	1	300
1591	2041	11100	1	457	1	796	1	1	1	1	1	300
1592	2556	11100	1	457	1	942	1	1	1	1	1	300
1593	2557	11100	1	457	1	422	1	1	1	1	1	300
1594	627	11100	1	458	1	172	1	1	1	1	1	300
1595	2719	11100	1	458	1	50	1	1	1	1	1	300
1596	3260	11100	1	458	1	450	1	1	1	1	1	300
1597	3262	11100	1	458	1	197	1	1	1	1	1	300
1598	232	11100	1	459	1	246	1	1	1	1	1	300
1599	238	11100	1	459	1	179	1	1	1	1	1	300
1600	2426	11100	1	459	1	187	1	1	1	1	1	300
1601	2430	11100	1	459	1	238	1	1	1	1	1	300
1602	3138	11100	1	459	1	164	1	1	1	1	1	300
1603	1179	11100	1	471	1	50	1	1	1	1	1	300
1604	2112	11100	1	471	1	62	1	1	1	1	1	300
1605	2401	11100	1	471	1	97	1	1	1	1	1	300
1606	3431	11100	1	471	1	120	1	1	1	1	1	300