Eco-drive file
1606  1
1	713	00010	1	1	1	498	1	1	1	1	1	300
2	2257	00010	1	1	1	462	1	1	1	1	1	300
3	3111	00010	1	1	1	956	1	1	1	1	1	300
4	3558	00010	1	1	1	778	1	1	1	1	1	300
5	717	00010	1	2	1	512	1	1	1	1	1	300
6	1526	00010	1	2	1	778	1	1	1	1	1	300
7	2851	00010	1	2	1	832	1	1	1	1	1	300
8	3556	00010	1	2	1	246	1	1	1	1	1	300
9	2260	00010	1	3	1	246	1	1	1	1	1	300
10	2263	00010	1	3	1	339	1	1	1	1	1	300
11	3132	00010	1	3	1	111	1	1	1	1	1	300
12	1236	00010	1	4	1	111	1	1	1	1	1	300
13	2258	00010	1	4	1	338	1	1	1	1	1	300
14	3555	00010	1	4	1	530	1	1	1	1	1	300
15	777	00010	1	5	1	809	1	1	1	1	1	300
16	2259	00010	1	5	1	530	1	1	1	1	1	300
17	2822	00010	1	5	1	684	1	1	1	1	1	300
18	3418	00010	1	5	1	591	1	1	1	1	1	300
19	776	00010	1	6	1	208	1	1	1	1	1	300
20	2256	00010	1	6	1	591	1	1	1	1	1	300
21	3174	00010	1	6	1	782	1	1	1	1	1	300
22	3417	00010	1	6	1	381	1	1	1	1	1	300
23	774	00010	1	7	1	193	1	1	1	1	1	300
24	2043	00010	1	7	1	459	1	1	1	1	1	300
25	2846	00010	1	7	1	135	1	1	1	1	1	300
26	2852	00010	1	7	1	566	1	1	1	1	1	300
27	760	00010	1	8	1	441	1	1	1	1	1	300
28	2853	00010	1	8	1	366	1	1	1	1	1	300
29	3119	00010	1	8	1	783	1	1	1	1	1	300
30	567	00010	1	9	1	688	1	1	1	1	1	300
31	1744	00010	1	9	1	783	1	1	1	1	1	300
32	2642	00010	1	9	1	813	1	1	1	1	1	300
33	3256	00010	1	9	1	795	1	1	1	1	1	300
34	518	00010	1	10	1	118	1	1	1	1	1	300
35	566	00010	1	10	1	102	1	1	1	1	1	300
36	1797	00010	1	10	1	319	1	1	1	1	1	300
37	2636	00010	1	10	1	515	1	1	1	1	1	300
38	1039	00010	1	11	1	1068	1	1	1	1	1	300
39	1517	00010	1	11	1	795	1	1	1	1	1	300
40	2633	00010	1	11	1	708	1	1	1	1	1	300
41	2987	00010	1	11	1	319	1	1	1	1	1	300
42	744	00010	1	12	1	198	1	1	1	1	1	300
43	2045	00010	1	12	1	1174	1	1	1	1	1	300
44	2048	00010	1	12	1	381	1	1	1	1	1	300
45	3414	00010	1	12	1	830	1	1	1	1	1	300
46	527	00010	1	13	1	515	1	1	1	1	1	300
47	568	00010	1	13	1	403	1	1	1	1	1	300
48	2638	00010	1	13	1	725	1	1	1	1	1	300
49	3120	00010	1	13	1	804	1	1	1	1	1	300
50	731	00010	1	14	1	440	1	1	1	1	1	300
51	2047	00010	1	14	1	830	1	1	1	1	1	300
52	2847	00010	1	14	1	459	1	1	1	1	1	300
53	3208	00010	1	14	1	861	1	1	1	1	1	300
54	761	00010	1	15	1	342	1	1	1	1	1	300
55	771	00010	1	15	1	457	1	1	1	1	1	300
56	780	00010	1	15	1	441	1	1	1	1	1	300
57	2835	00010	1	15	1	204	1	1	1	1	1	300
58	738	00010	1	16	1	212	1	1	1	1	1	300
59	2813	00010	1	16	1	682	1	1	1	1	1	300
60	2820	00010	1	16	1	303	1	1	1	1	1	300
61	3420	00010	1	16	1	342	1	1	1	1	1	300
62	520	00010	1	17	1	339	1	1	1	1	1	300
63	1796	00010	1	17	1	708	1	1	1	1	1	300
64	2626	00010	1	17	1	305	1	1	1	1	1	300
65	3257	00010	1	17	1	555	1	1	1	1	1	300
66	1829	00010	1	18	1	457	1	1	1	1	1	300
67	2044	00010	1	18	1	861	1	1	1	1	1	300
68	3017	00010	1	18	1	342	1	1	1	1	1	300
69	737	00010	1	19	1	682	1	1	1	1	1	300
70	2807	00010	1	19	1	327	1	1	1	1	1	300
71	3413	00010	1	19	1	440	1	1	1	1	1	300
72	3415	00010	1	19	1	342	1	1	1	1	1	300
73	1777	00010	1	20	1	398	1	1	1	1	1	300
74	1779	00010	1	20	1	250	1	1	1	1	1	300
75	3238	00010	1	20	1	403	1	1	1	1	1	300
76	3243	00010	1	20	1	204	1	1	1	1	1	300
77	1507	00010	1	21	1	406	1	1	1	1	1	300
78	1781	00010	1	21	1	403	1	1	1	1	1	300
79	3212	00010	1	21	1	397	1	1	1	1	1	300
80	3237	00010	1	21	1	82	1	1	1	1	1	300
81	743	00010	1	22	1	309	1	1	1	1	1	300
82	746	00010	1	22	1	549	1	1	1	1	1	300
83	3432	00010	1	22	1	407	1	1	1	1	1	300
84	3520	00010	1	22	1	808	1	1	1	1	1	300
85	740	00010	1	23	1	407	1	1	1	1	1	300
86	3116	00010	1	23	1	803	1	1	1	1	1	300
87	3421	00010	1	23	1	403	1	1	1	1	1	300
88	3447	00010	1	23	1	803	1	1	1	1	1	300
89	1237	00010	1	24	1	188	1	1	1	1	1	300
90	1658	00010	1	24	1	291	1	1	1	1	1	300
91	2818	00010	1	24	1	309	1	1	1	1	1	300
92	751	00010	1	25	1	300	1	1	1	1	1	300
93	2266	00010	1	25	1	288	1	1	1	1	1	300
94	3063	00010	1	25	1	188	1	1	1	1	1	300
95	747	00010	1	26	1	789	1	1	1	1	1	300
96	779	00010	1	26	1	767	1	1	1	1	1	300
97	2829	00010	1	26	1	402	1	1	1	1	1	300
98	3563	00010	1	26	1	308	1	1	1	1	1	300
99	739	00010	1	27	1	403	1	1	1	1	1	300
100	2821	00010	1	27	1	342	1	1	1	1	1	300
101	3209	00010	1	27	1	642	1	1	1	1	1	300
102	3438	00010	1	27	1	792	1	1	1	1	1	300
103	1778	00010	1	28	1	82	1	1	1	1	1	300
104	1975	00010	1	28	1	316	1	1	1	1	1	300
105	3094	00010	1	28	1	85	1	1	1	1	1	300
106	1644	00010	1	29	1	401	1	1	1	1	1	300
107	3093	00010	1	29	1	85	1	1	1	1	1	300
108	3355	00010	1	29	1	233	1	1	1	1	1	300
109	563	00010	1	30	1	810	1	1	1	1	1	300
110	1780	00010	1	30	1	204	1	1	1	1	1	300
111	3242	00010	1	30	1	92	1	1	1	1	1	300
112	3245	00010	1	30	1	141	1	1	1	1	1	300
113	565	00010	1	31	1	400	1	1	1	1	1	300
114	1784	00010	1	31	1	602	1	1	1	1	1	300
115	3101	00010	1	31	1	201	1	1	1	1	1	300
116	3244	00010	1	31	1	810	1	1	1	1	1	300
117	2051	00010	1	32	1	642	1	1	1	1	1	300
118	2808	00010	1	32	1	342	1	1	1	1	1	300
119	2811	00010	1	32	1	266	1	1	1	1	1	300
120	3117	00010	1	32	1	630	1	1	1	1	1	300
121	764	00010	1	33	1	191	1	1	1	1	1	300
122	1745	00010	1	33	1	630	1	1	1	1	1	300
123	2842	00010	1	33	1	111	1	1	1	1	1	300
124	3289	00010	1	33	1	406	1	1	1	1	1	300
125	533	00010	1	34	1	231	1	1	1	1	1	300
126	535	00010	1	34	1	407	1	1	1	1	1	300
127	1831	00010	1	34	1	809	1	1	1	1	1	300
128	3172	00010	1	34	1	846	1	1	1	1	1	300
129	440	00010	1	35	1	233	1	1	1	1	1	300
130	1476	00010	1	35	1	279	1	1	1	1	1	300
131	2565	00010	1	35	1	270	1	1	1	1	1	300
132	3210	00010	1	35	1	401	1	1	1	1	1	300
133	1980	00010	1	36	1	124	1	1	1	1	1	300
134	1981	00010	1	36	1	284	1	1	1	1	1	300
135	3356	00010	1	36	1	279	1	1	1	1	1	300
136	562	00010	1	37	1	813	1	1	1	1	1	300
137	1256	00010	1	37	1	110	1	1	1	1	1	300
138	3360	00010	1	37	1	124	1	1	1	1	1	300
139	3361	00010	1	37	1	404	1	1	1	1	1	300
140	554	00010	1	38	1	201	1	1	1	1	1	300
141	1795	00010	1	38	1	804	1	1	1	1	1	300
142	3246	00010	1	38	1	407	1	1	1	1	1	300
143	3359	00010	1	38	1	813	1	1	1	1	1	300
144	530	00010	1	39	1	481	1	1	1	1	1	300
145	1698	00010	1	39	1	805	1	1	1	1	1	300
146	1794	00010	1	39	1	408	1	1	1	1	1	300
147	2666	00010	1	39	1	804	1	1	1	1	1	300
148	529	00010	1	40	1	555	1	1	1	1	1	300
149	1055	00010	1	40	1	198	1	1	1	1	1	300
150	1802	00010	1	40	1	846	1	1	1	1	1	300
151	2625	00010	1	40	1	805	1	1	1	1	1	300
152	755	00010	1	41	1	202	1	1	1	1	1	300
153	1803	00010	1	41	1	231	1	1	1	1	1	300
154	2622	00010	1	41	1	238	1	1	1	1	1	300
155	3267	00010	1	41	1	230	1	1	1	1	1	300
156	444	00010	1	42	1	407	1	1	1	1	1	300
157	1762	00010	1	42	1	140	1	1	1	1	1	300
158	1967	00010	1	42	1	267	1	1	1	1	1	300
159	1977	00010	1	43	1	134	1	1	1	1	1	300
160	1983	00010	1	43	1	405	1	1	1	1	1	300
161	2564	00010	1	43	1	336	1	1	1	1	1	300
162	3118	00010	1	43	1	402	1	1	1	1	1	300
163	1976	00010	1	44	1	402	1	1	1	1	1	300
164	3097	00010	1	44	1	534	1	1	1	1	1	300
165	3229	00010	1	44	1	140	1	1	1	1	1	300
166	3230	00010	1	44	1	1908	1	1	1	1	1	300
167	548	00010	1	45	1	334	1	1	1	1	1	300
168	549	00010	1	45	1	357	1	1	1	1	1	300
169	1979	00010	1	45	1	404	1	1	1	1	1	300
170	3357	00010	1	45	1	405	1	1	1	1	1	300
171	551	00010	1	46	1	54	1	1	1	1	1	300
172	2664	00010	1	46	1	203	1	1	1	1	1	300
173	2667	00010	1	46	1	107	1	1	1	1	1	300
174	3362	00010	1	46	1	357	1	1	1	1	1	300
175	1998	00010	1	47	1	65	1	1	1	1	1	300
176	1999	00010	1	47	1	98	1	1	1	1	1	300
177	2614	00010	1	47	1	178	1	1	1	1	1	300
178	1791	00010	1	48	1	805	1	1	1	1	1	300
179	1984	00010	1	48	1	407	1	1	1	1	1	300
180	2656	00010	1	48	1	125	1	1	1	1	1	300
181	3379	00010	1	48	1	206	1	1	1	1	1	300
182	525	00010	1	49	1	206	1	1	1	1	1	300
183	526	00010	1	49	1	358	1	1	1	1	1	300
184	2632	00010	1	49	1	224	1	1	1	1	1	300
185	2637	00010	1	49	1	445	1	1	1	1	1	300
186	522	00010	1	50	1	445	1	1	1	1	1	300
187	2628	00010	1	50	1	191	1	1	1	1	1	300
188	3252	00010	1	50	1	358	1	1	1	1	1	300
189	528	00010	1	51	1	358	1	1	1	1	1	300
190	1509	00010	1	51	1	408	1	1	1	1	1	300
191	2644	00010	1	51	1	693	1	1	1	1	1	300
192	3247	00010	1	51	1	805	1	1	1	1	1	300
193	534	00010	1	52	1	230	1	1	1	1	1	300
194	1834	00010	1	52	1	809	1	1	1	1	1	300
195	2635	00010	1	52	1	450	1	1	1	1	1	300
196	2641	00010	1	52	1	340	1	1	1	1	1	300
197	728	00010	1	53	1	399	1	1	1	1	1	300
198	765	00010	1	53	1	194	1	1	1	1	1	300
199	2843	00010	1	53	1	353	1	1	1	1	1	300
200	3291	00010	1	53	1	405	1	1	1	1	1	300
201	2237	00010	1	54	1	368	1	1	1	1	1	300
202	2247	00010	1	54	1	430	1	1	1	1	1	300
203	3542	00010	1	54	1	126	1	1	1	1	1	300
204	729	00010	1	55	1	99	1	1	1	1	1	300
205	2069	00010	1	55	1	199	1	1	1	1	1	300
206	2804	00010	1	55	1	119	1	1	1	1	1	300
207	2844	00010	1	55	1	399	1	1	1	1	1	300
208	766	00010	1	56	1	405	1	1	1	1	1	300
209	2838	00010	1	56	1	343	1	1	1	1	1	300
210	2839	00010	1	56	1	346	1	1	1	1	1	300
211	3268	00010	1	56	1	809	1	1	1	1	1	300
212	1656	00010	1	57	1	449	1	1	1	1	1	300
213	2238	00010	1	57	1	126	1	1	1	1	1	300
214	3040	00010	1	57	1	246	1	1	1	1	1	300
215	7	00010	1	58	1	203	1	1	1	1	1	300
216	2290	00010	1	58	1	453	1	1	1	1	1	300
217	2806	00010	1	58	1	199	1	1	1	1	1	300
218	2809	00010	1	58	1	288	1	1	1	1	1	300
219	2050	00010	1	59	1	792	1	1	1	1	1	300
220	2093	00010	1	59	1	403	1	1	1	1	1	300
221	2298	00010	1	59	1	401	1	1	1	1	1	300
222	2305	00010	1	59	1	451	1	1	1	1	1	300
223	2066	00010	1	60	1	803	1	1	1	1	1	300
224	2213	00010	1	60	1	405	1	1	1	1	1	300
225	2314	00010	1	60	1	794	1	1	1	1	1	300
226	3439	00010	1	60	1	403	1	1	1	1	1	300
227	1252	00010	1	61	1	246	1	1	1	1	1	300
228	2268	00010	1	61	1	808	1	1	1	1	1	300
229	2322	00010	1	61	1	798	1	1	1	1	1	300
230	3448	00010	1	61	1	405	1	1	1	1	1	300
231	753	00010	1	62	1	402	1	1	1	1	1	300
232	2246	00010	1	62	1	204	1	1	1	1	1	300
233	3085	00010	1	62	1	430	1	1	1	1	1	300
234	3547	00010	1	62	1	808	1	1	1	1	1	300
235	1647	00010	1	63	1	286	1	1	1	1	1	300
236	2000	00010	1	63	1	90	1	1	1	1	1	300
237	2655	00010	1	63	1	378	1	1	1	1	1	300
238	559	00010	1	64	1	340	1	1	1	1	1	300
239	1982	00010	1	64	1	334	1	1	1	1	1	300
240	2662	00010	1	64	1	402	1	1	1	1	1	300
241	3363	00010	1	64	1	469	1	1	1	1	1	300
242	754	00010	1	65	1	200	1	1	1	1	1	300
243	1805	00010	1	65	1	340	1	1	1	1	1	300
244	2621	00010	1	65	1	240	1	1	1	1	1	300
245	3269	00010	1	65	1	467	1	1	1	1	1	300
246	763	00010	1	66	1	224	1	1	1	1	1	300
247	1832	00010	1	66	1	343	1	1	1	1	1	300
248	2834	00010	1	66	1	402	1	1	1	1	1	300
249	3306	00010	1	66	1	460	1	1	1	1	1	300
250	503	00010	1	67	1	370	1	1	1	1	1	300
251	1790	00010	1	67	1	693	1	1	1	1	1	300
252	3253	00010	1	67	1	105	1	1	1	1	1	300
253	1968	00010	1	68	1	403	1	1	1	1	1	300
254	2566	00010	1	68	1	269	1	1	1	1	1	300
255	2608	00010	1	68	1	406	1	1	1	1	1	300
256	1985	00010	1	69	1	403	1	1	1	1	1	300
257	2562	00010	1	69	1	274	1	1	1	1	1	300
258	2606	00010	1	69	1	408	1	1	1	1	1	300
259	3187	00010	1	69	1	403	1	1	1	1	1	300
260	550	00010	1	70	1	469	1	1	1	1	1	300
261	553	00010	1	70	1	324	1	1	1	1	1	300
262	2658	00010	1	70	1	403	1	1	1	1	1	300
263	3099	00010	1	70	1	808	1	1	1	1	1	300
264	556	00010	1	71	1	182	1	1	1	1	1	300
265	1513	00010	1	71	1	485	1	1	1	1	1	300
266	2669	00010	1	71	1	285	1	1	1	1	1	300
267	3364	00010	1	71	1	324	1	1	1	1	1	300
268	547	00010	1	72	1	126	1	1	1	1	1	300
269	2007	00010	1	72	1	581	1	1	1	1	1	300
270	2794	00010	1	72	1	710	1	1	1	1	1	300
271	3108	00010	1	72	1	485	1	1	1	1	1	300
272	536	00010	1	73	1	132	1	1	1	1	1	300
273	537	00010	1	73	1	656	1	1	1	1	1	300
274	1792	00010	1	73	1	105	1	1	1	1	1	300
275	3384	00010	1	73	1	227	1	1	1	1	1	300
276	2092	00010	1	74	1	794	1	1	1	1	1	300
277	2096	00010	1	74	1	424	1	1	1	1	1	300
278	2306	00010	1	74	1	395	1	1	1	1	1	300
279	3441	00010	1	74	1	820	1	1	1	1	1	300
280	538	00010	1	75	1	150	1	1	1	1	1	300
281	2648	00010	1	75	1	91	1	1	1	1	1	300
282	2650	00010	1	75	1	175	1	1	1	1	1	300
283	3254	00010	1	75	1	656	1	1	1	1	1	300
284	523	00010	1	76	1	522	1	1	1	1	1	300
285	532	00010	1	76	1	566	1	1	1	1	1	300
286	2643	00010	1	76	1	150	1	1	1	1	1	300
287	2783	00010	1	76	1	688	1	1	1	1	1	300
288	762	00010	1	77	1	460	1	1	1	1	1	300
289	933	00010	1	77	1	156	1	1	1	1	1	300
290	942	00010	1	77	1	456	1	1	1	1	1	300
291	2937	00010	1	77	1	400	1	1	1	1	1	300
292	64	00010	1	78	1	201	1	1	1	1	1	300
293	2212	00010	1	78	1	798	1	1	1	1	1	300
294	2321	00010	1	78	1	813	1	1	1	1	1	300
295	3449	00010	1	78	1	424	1	1	1	1	1	300
296	540	00010	1	79	1	467	1	1	1	1	1	300
297	941	00010	1	79	1	405	1	1	1	1	1	300
298	2640	00010	1	79	1	455	1	1	1	1	1	300
299	3270	00010	1	79	1	241	1	1	1	1	1	300
300	929	00010	1	80	1	114	1	1	1	1	1	300
301	1835	00010	1	80	1	400	1	1	1	1	1	300
302	2927	00010	1	80	1	106	1	1	1	1	1	300
303	3271	00010	1	80	1	405	1	1	1	1	1	300
304	1239	00010	1	81	1	111	1	1	1	1	1	300
305	1527	00010	1	81	1	296	1	1	1	1	1	300
306	3540	00010	1	81	1	70	1	1	1	1	1	300
307	1655	00010	1	82	1	264	1	1	1	1	1	300
308	2236	00010	1	82	1	124	1	1	1	1	1	300
309	3046	00010	1	82	1	111	1	1	1	1	1	300
310	1516	00010	1	83	1	803	1	1	1	1	1	300
311	2249	00010	1	83	1	800	1	1	1	1	1	300
312	2365	00010	1	83	1	302	1	1	1	1	1	300
313	3550	00010	1	83	1	808	1	1	1	1	1	300
314	2	00010	1	84	1	382	1	1	1	1	1	300
315	1524	00010	1	84	1	599	1	1	1	1	1	300
316	2289	00010	1	84	1	393	1	1	1	1	1	300
317	2938	00010	1	84	1	579	1	1	1	1	1	300
318	11	00010	1	85	1	384	1	1	1	1	1	300
319	2094	00010	1	85	1	395	1	1	1	1	1	300
320	2302	00010	1	85	1	387	1	1	1	1	1	300
321	3110	00010	1	85	1	599	1	1	1	1	1	300
322	931	00010	1	86	1	303	1	1	1	1	1	300
323	935	00010	1	86	1	221	1	1	1	1	1	300
324	1836	00010	1	86	1	156	1	1	1	1	1	300
325	539	00010	1	87	1	236	1	1	1	1	1	300
326	1900	00010	1	87	1	111	1	1	1	1	1	300
327	2012	00010	1	87	1	199	1	1	1	1	1	300
328	2647	00010	1	87	1	246	1	1	1	1	1	300
329	927	00010	1	88	1	187	1	1	1	1	1	300
330	1806	00010	1	88	1	455	1	1	1	1	1	300
331	2620	00010	1	88	1	409	1	1	1	1	1	300
332	3273	00010	1	88	1	347	1	1	1	1	1	300
333	932	00010	1	89	1	303	1	1	1	1	1	300
334	934	00010	1	89	1	222	1	1	1	1	1	300
335	2929	00010	1	89	1	205	1	1	1	1	1	300
336	3294	00010	1	89	1	344	1	1	1	1	1	300
337	521	00010	1	90	1	688	1	1	1	1	1	300
338	703	00010	1	90	1	201	1	1	1	1	1	300
339	3102	00010	1	90	1	117	1	1	1	1	1	300
340	580	00010	1	91	1	223	1	1	1	1	1	300
341	706	00010	1	91	1	106	1	1	1	1	1	300
342	3391	00010	1	91	1	110	1	1	1	1	1	300
343	495	00010	1	92	1	547	1	1	1	1	1	300
344	1761	00010	1	92	1	1908	1	1	1	1	1	300
345	3232	00010	1	92	1	414	1	1	1	1	1	300
346	497	00010	1	93	1	404	1	1	1	1	1	300
347	1988	00010	1	93	1	404	1	1	1	1	1	300
348	2610	00010	1	93	1	404	1	1	1	1	1	300
349	3351	00010	1	93	1	79	1	1	1	1	1	300
350	685	00010	1	94	1	402	1	1	1	1	1	300
351	1700	00010	1	94	1	288	1	1	1	1	1	300
352	1986	00010	1	94	1	808	1	1	1	1	1	300
353	3369	00010	1	94	1	336	1	1	1	1	1	300
354	1992	00010	1	95	1	336	1	1	1	1	1	300
355	1994	00010	1	95	1	507	1	1	1	1	1	300
356	2607	00010	1	95	1	67	1	1	1	1	1	300
357	3367	00010	1	95	1	120	1	1	1	1	1	300
358	496	00010	1	96	1	67	1	1	1	1	1	300
359	3352	00010	1	96	1	404	1	1	1	1	1	300
360	3366	00010	1	96	1	99	1	1	1	1	1	300
361	710	00010	1	97	1	301	1	1	1	1	1	300
362	2002	00010	1	97	1	519	1	1	1	1	1	300
363	3173	00010	1	97	1	191	1	1	1	1	1	300
364	3372	00010	1	97	1	288	1	1	1	1	1	300
365	2001	00010	1	98	1	101	1	1	1	1	1	300
366	2009	00010	1	98	1	809	1	1	1	1	1	300
367	2797	00010	1	98	1	519	1	1	1	1	1	300
368	3155	00010	1	98	1	460	1	1	1	1	1	300
369	698	00010	1	99	1	80	1	1	1	1	1	300
370	2788	00010	1	99	1	112	1	1	1	1	1	300
371	2789	00010	1	99	1	107	1	1	1	1	1	300
372	3385	00010	1	99	1	203	1	1	1	1	1	300
373	2015	00010	1	100	1	175	1	1	1	1	1	300
374	2016	00010	1	100	1	153	1	1	1	1	1	300
375	2785	00010	1	100	1	50	1	1	1	1	1	300
376	702	00010	1	101	1	331	1	1	1	1	1	300
377	2008	00010	1	101	1	203	1	1	1	1	1	300
378	2786	00010	1	101	1	111	1	1	1	1	1	300
379	3381	00010	1	101	1	809	1	1	1	1	1	300
380	1800	00010	1	102	1	159	1	1	1	1	1	300
381	2790	00010	1	102	1	252	1	1	1	1	1	300
382	3390	00010	1	102	1	144	1	1	1	1	1	300
383	2013	00010	1	103	1	144	1	1	1	1	1	300
384	2014	00010	1	103	1	110	1	1	1	1	1	300
385	3328	00010	1	103	1	175	1	1	1	1	1	300
386	1512	00010	1	104	1	200	1	1	1	1	1	300
387	3103	00010	1	104	1	117	1	1	1	1	1	300
388	3259	00010	1	104	1	159	1	1	1	1	1	300
389	3261	00010	1	104	1	450	1	1	1	1	1	300
390	936	00010	1	105	1	447	1	1	1	1	1	300
391	948	00010	1	105	1	344	1	1	1	1	1	300
392	2945	00010	1	105	1	615	1	1	1	1	1	300
393	3293	00010	1	105	1	130	1	1	1	1	1	300
394	945	00010	1	106	1	228	1	1	1	1	1	300
395	947	00010	1	106	1	171	1	1	1	1	1	300
396	1837	00010	1	106	1	615	1	1	1	1	1	300
397	3272	00010	1	106	1	190	1	1	1	1	1	300
398	700	00010	1	107	1	347	1	1	1	1	1	300
399	1510	00010	1	107	1	446	1	1	1	1	1	300
400	1809	00010	1	107	1	190	1	1	1	1	1	300
401	2984	00010	1	107	1	605	1	1	1	1	1	300
402	1	00010	1	108	1	385	1	1	1	1	1	300
403	2081	00010	1	108	1	587	1	1	1	1	1	300
404	2291	00010	1	108	1	361	1	1	1	1	1	300
405	2936	00010	1	108	1	577	1	1	1	1	1	300
406	2091	00010	1	109	1	695	1	1	1	1	1	300
407	2095	00010	1	109	1	820	1	1	1	1	1	300
408	2203	00010	1	109	1	471	1	1	1	1	1	300
409	3440	00010	1	109	1	333	1	1	1	1	1	300
410	9	00010	1	110	1	389	1	1	1	1	1	300
411	2082	00010	1	110	1	333	1	1	1	1	1	300
412	2085	00010	1	110	1	682	1	1	1	1	1	300
413	3435	00010	1	110	1	587	1	1	1	1	1	300
414	116	00010	1	111	1	228	1	1	1	1	1	300
415	1652	00010	1	111	1	345	1	1	1	1	1	300
416	3539	00010	1	111	1	118	1	1	1	1	1	300
417	61	00010	1	112	1	205	1	1	1	1	1	300
418	2211	00010	1	112	1	813	1	1	1	1	1	300
419	3018	00010	1	112	1	475	1	1	1	1	1	300
420	3442	00010	1	112	1	471	1	1	1	1	1	300
421	125	00010	1	113	1	472	1	1	1	1	1	300
422	1697	00010	1	113	1	350	1	1	1	1	1	300
423	2244	00010	1	113	1	803	1	1	1	1	1	300
424	2374	00010	1	113	1	182	1	1	1	1	1	300
425	115	00010	1	114	1	235	1	1	1	1	1	300
426	2243	00010	1	114	1	182	1	1	1	1	1	300
427	3538	00010	1	114	1	228	1	1	1	1	1	300
428	1902	00010	1	115	1	118	1	1	1	1	1	300
429	2233	00010	1	115	1	286	1	1	1	1	1	300
430	3537	00010	1	115	1	74	1	1	1	1	1	300
431	949	00010	1	116	1	172	1	1	1	1	1	300
432	1839	00010	1	116	1	123	1	1	1	1	1	300
433	2939	00010	1	116	1	206	1	1	1	1	1	300
434	499	00010	1	117	1	215	1	1	1	1	1	300
435	1763	00010	1	117	1	414	1	1	1	1	1	300
436	2598	00010	1	117	1	122	1	1	1	1	1	300
437	3231	00010	1	117	1	203	1	1	1	1	1	300
438	491	00010	1	118	1	149	1	1	1	1	1	300
439	500	00010	1	118	1	503	1	1	1	1	1	300
440	2603	00010	1	118	1	199	1	1	1	1	1	300
441	3213	00010	1	118	1	215	1	1	1	1	1	300
442	498	00010	1	119	1	403	1	1	1	1	1	300
443	1971	00010	1	119	1	404	1	1	1	1	1	300
444	2609	00010	1	119	1	503	1	1	1	1	1	300
445	3098	00010	1	119	1	202	1	1	1	1	1	300
446	684	00010	1	120	1	50	1	1	1	1	1	300
447	687	00010	1	120	1	50	1	1	1	1	1	300
448	2612	00010	1	120	1	375	1	1	1	1	1	300
449	3368	00010	1	120	1	507	1	1	1	1	1	300
450	2940	00010	1	121	1	132	1	1	1	1	1	300
451	2941	00010	1	121	1	123	1	1	1	1	1	300
452	3275	00010	1	121	1	802	1	1	1	1	1	300
453	671	00010	1	122	1	374	1	1	1	1	1	300
454	686	00010	1	122	1	50	1	1	1	1	1	300
455	2770	00010	1	122	1	73	1	1	1	1	1	300
456	2772	00010	1	122	1	50	1	1	1	1	1	300
457	629	00010	1	123	1	772	1	1	1	1	1	300
458	660	00010	1	123	1	221	1	1	1	1	1	300
459	708	00010	1	123	1	217	1	1	1	1	1	300
460	3156	00010	1	123	1	238	1	1	1	1	1	300
461	630	00010	1	124	1	339	1	1	1	1	1	300
462	631	00010	1	124	1	555	1	1	1	1	1	300
463	2730	00010	1	124	1	110	1	1	1	1	1	300
464	3105	00010	1	124	1	772	1	1	1	1	1	300
465	1747	00010	1	125	1	802	1	1	1	1	1	300
466	1808	00010	1	125	1	446	1	1	1	1	1	300
467	1811	00010	1	125	1	102	1	1	1	1	1	300
468	3263	00010	1	125	1	648	1	1	1	1	1	300
469	613	00010	1	126	1	1028	1	1	1	1	1	300
470	1812	00010	1	126	1	648	1	1	1	1	1	300
471	2680	00010	1	126	1	102	1	1	1	1	1	300
472	2720	00010	1	126	1	172	1	1	1	1	1	300
473	661	00010	1	127	1	238	1	1	1	1	1	300
474	2003	00010	1	127	1	460	1	1	1	1	1	300
475	3106	00010	1	127	1	541	1	1	1	1	1	300
476	3383	00010	1	127	1	206	1	1	1	1	1	300
477	689	00010	1	128	1	102	1	1	1	1	1	300
478	2004	00010	1	128	1	541	1	1	1	1	1	300
479	2762	00010	1	128	1	196	1	1	1	1	1	300
480	3215	00010	1	128	1	282	1	1	1	1	1	300
481	137	00010	1	129	1	271	1	1	1	1	1	300
482	2241	00010	1	129	1	258	1	1	1	1	1	300
483	2242	00010	1	129	1	472	1	1	1	1	1	300
484	3067	00010	1	129	1	91	1	1	1	1	1	300
485	33	00010	1	130	1	218	1	1	1	1	1	300
486	59	00010	1	130	1	206	1	1	1	1	1	300
487	2204	00010	1	130	1	475	1	1	1	1	1	300
488	58	00010	1	131	1	56	1	1	1	1	1	300
489	2198	00010	1	131	1	226	1	1	1	1	1	300
490	2200	00010	1	131	1	165	1	1	1	1	1	300
491	905	00010	1	132	1	139	1	1	1	1	1	300
492	1040	00010	1	132	1	350	1	1	1	1	1	300
493	2678	00010	1	132	1	166	1	1	1	1	1	300
494	3274	00010	1	132	1	102	1	1	1	1	1	300
495	907	00010	1	133	1	132	1	1	1	1	1	300
496	944	00010	1	133	1	132	1	1	1	1	1	300
497	2903	00010	1	133	1	211	1	1	1	1	1	300
498	2005	00010	1	134	1	206	1	1	1	1	1	300
499	3048	00010	1	134	1	329	1	1	1	1	1	300
500	3211	00010	1	134	1	677	1	1	1	1	1	300
501	1840	00010	1	135	1	200	1	1	1	1	1	300
502	2075	00010	1	135	1	200	1	1	1	1	1	300
503	2904	00010	1	135	1	132	1	1	1	1	1	300
504	3	00010	1	136	1	324	1	1	1	1	1	300
505	2089	00010	1	136	1	567	1	1	1	1	1	300
506	2097	00010	1	136	1	418	1	1	1	1	1	300
507	3128	00010	1	136	1	589	1	1	1	1	1	300
508	2080	00010	1	137	1	682	1	1	1	1	1	300
509	2087	00010	1	137	1	142	1	1	1	1	1	300
510	2090	00010	1	137	1	228	1	1	1	1	1	300
511	3436	00010	1	137	1	567	1	1	1	1	1	300
512	20	00010	1	138	1	50	1	1	1	1	1	300
513	1482	00010	1	138	1	50	1	1	1	1	1	300
514	3444	00010	1	138	1	228	1	1	1	1	1	300
515	2083	00010	1	139	1	695	1	1	1	1	1	300
516	2162	00010	1	139	1	526	1	1	1	1	1	300
517	2178	00010	1	139	1	438	1	1	1	1	1	300
518	3445	00010	1	139	1	134	1	1	1	1	1	300
519	35	00010	1	140	1	50	1	1	1	1	1	300
520	1484	00010	1	140	1	218	1	1	1	1	1	300
521	2179	00010	1	140	1	192	1	1	1	1	1	300
522	3446	00010	1	140	1	438	1	1	1	1	1	300
523	675	00010	1	141	1	50	1	1	1	1	1	300
524	1641	00010	1	141	1	408	1	1	1	1	1	300
525	2758	00010	1	141	1	327	1	1	1	1	1	300
526	3373	00010	1	141	1	374	1	1	1	1	1	300
527	2199	00010	1	142	1	165	1	1	1	1	1	300
528	2201	00010	1	142	1	174	1	1	1	1	1	300
529	3498	00010	1	142	1	192	1	1	1	1	1	300
530	118	00010	1	143	1	247	1	1	1	1	1	300
531	2240	00010	1	143	1	385	1	1	1	1	1	300
532	2354	00010	1	143	1	154	1	1	1	1	1	300
533	2362	00010	1	143	1	232	1	1	1	1	1	300
534	108	00010	1	144	1	154	1	1	1	1	1	300
535	1650	00010	1	144	1	250	1	1	1	1	1	300
536	2990	00010	1	144	1	174	1	1	1	1	1	300
537	136	00010	1	145	1	326	1	1	1	1	1	300
538	156	00010	1	145	1	476	1	1	1	1	1	300
539	2367	00010	1	145	1	385	1	1	1	1	1	300
540	3112	00010	1	145	1	258	1	1	1	1	1	300
541	573	00010	1	146	1	127	1	1	1	1	1	300
542	624	00010	1	146	1	323	1	1	1	1	1	300
543	635	00010	1	146	1	265	1	1	1	1	1	300
544	19	00010	1	147	1	218	1	1	1	1	1	300
545	2086	00010	1	147	1	142	1	1	1	1	1	300
546	2107	00010	1	147	1	602	1	1	1	1	1	300
547	3451	00010	1	147	1	562	1	1	1	1	1	300
548	617	00010	1	148	1	203	1	1	1	1	1	300
549	1045	00010	1	148	1	56	1	1	1	1	1	300
550	2018	00010	1	148	1	240	1	1	1	1	1	300
551	849	00010	1	149	1	297	1	1	1	1	1	300
552	1638	00010	1	149	1	160	1	1	1	1	1	300
553	2913	00010	1	149	1	190	1	1	1	1	1	300
554	3296	00010	1	149	1	200	1	1	1	1	1	300
555	1042	00010	1	150	1	353	1	1	1	1	1	300
556	1519	00010	1	150	1	352	1	1	1	1	1	300
557	3012	00010	1	150	1	200	1	1	1	1	1	300
558	3104	00010	1	150	1	350	1	1	1	1	1	300
559	1945	00010	1	151	1	159	1	1	1	1	1	300
560	2019	00010	1	151	1	232	1	1	1	1	1	300
561	2712	00010	1	151	1	169	1	1	1	1	1	300
562	669	00010	1	152	1	677	1	1	1	1	1	300
563	1996	00010	1	152	1	327	1	1	1	1	1	300
564	2760	00010	1	152	1	355	1	1	1	1	1	300
565	673	00010	1	153	1	227	1	1	1	1	1	300
566	1724	00010	1	153	1	112	1	1	1	1	1	300
567	3393	00010	1	153	1	100	1	1	1	1	1	300
568	2088	00010	1	154	1	562	1	1	1	1	1	300
569	2101	00010	1	154	1	594	1	1	1	1	1	300
570	2293	00010	1	154	1	418	1	1	1	1	1	300
571	3129	00010	1	154	1	395	1	1	1	1	1	300
572	850	00010	1	155	1	194	1	1	1	1	1	300
573	1841	00010	1	155	1	399	1	1	1	1	1	300
574	2896	00010	1	155	1	194	1	1	1	1	1	300
575	3298	00010	1	155	1	297	1	1	1	1	1	300
576	917	00010	1	156	1	482	1	1	1	1	1	300
577	1821	00010	1	156	1	690	1	1	1	1	1	300
578	3011	00010	1	156	1	352	1	1	1	1	1	300
579	3279	00010	1	156	1	406	1	1	1	1	1	300
580	622	00010	1	157	1	166	1	1	1	1	1	300
581	676	00010	1	157	1	472	1	1	1	1	1	300
582	2754	00010	1	157	1	157	1	1	1	1	1	300
583	3394	00010	1	157	1	227	1	1	1	1	1	300
584	2098	00010	1	158	1	395	1	1	1	1	1	300
585	2100	00010	1	158	1	592	1	1	1	1	1	300
586	3204	00010	1	158	1	666	1	1	1	1	1	300
587	3307	00010	1	158	1	384	1	1	1	1	1	300
588	1193	00010	1	159	1	253	1	1	1	1	1	300
589	2144	00010	1	159	1	762	1	1	1	1	1	300
590	2318	00010	1	159	1	190	1	1	1	1	1	300
591	1520	00010	1	160	1	183	1	1	1	1	1	300
592	2755	00010	1	160	1	229	1	1	1	1	1	300
593	2761	00010	1	160	1	166	1	1	1	1	1	300
594	24	00010	1	161	1	309	1	1	1	1	1	300
595	28	00010	1	161	1	404	1	1	1	1	1	300
596	2299	00010	1	161	1	565	1	1	1	1	1	300
597	3443	00010	1	161	1	602	1	1	1	1	1	300
598	461	00010	1	162	1	640	1	1	1	1	1	300
599	470	00010	1	162	1	792	1	1	1	1	1	300
600	2584	00010	1	162	1	450	1	1	1	1	1	300
601	1813	00010	1	163	1	406	1	1	1	1	1	300
602	1819	00010	1	163	1	676	1	1	1	1	1	300
603	3278	00010	1	163	1	87	1	1	1	1	1	300
604	3282	00010	1	163	1	381	1	1	1	1	1	300
605	851	00010	1	164	1	384	1	1	1	1	1	300
606	1843	00010	1	164	1	597	1	1	1	1	1	300
607	2861	00010	1	164	1	200	1	1	1	1	1	300
608	3122	00010	1	164	1	399	1	1	1	1	1	300
609	132	00010	1	165	1	265	1	1	1	1	1	300
610	1353	00010	1	165	1	64	1	1	1	1	1	300
611	2379	00010	1	165	1	279	1	1	1	1	1	300
612	1815	00010	1	166	1	381	1	1	1	1	1	300
613	2029	00010	1	166	1	679	1	1	1	1	1	300
614	2714	00010	1	166	1	257	1	1	1	1	1	300
615	2716	00010	1	166	1	561	1	1	1	1	1	300
616	462	00010	1	167	1	350	1	1	1	1	1	300
617	1972	00010	1	167	1	339	1	1	1	1	1	300
618	3123	00010	1	167	1	640	1	1	1	1	1	300
619	857	00010	1	168	1	200	1	1	1	1	1	300
620	859	00010	1	168	1	601	1	1	1	1	1	300
621	2906	00010	1	168	1	221	1	1	1	1	1	300
622	3300	00010	1	168	1	127	1	1	1	1	1	300
623	140	00010	1	169	1	144	1	1	1	1	1	300
624	1354	00010	1	169	1	91	1	1	1	1	1	300
625	3059	00010	1	169	1	64	1	1	1	1	1	300
626	3489	00010	1	169	1	451	1	1	1	1	1	300
627	1949	00010	1	170	1	250	1	1	1	1	1	300
628	2108	00010	1	170	1	565	1	1	1	1	1	300
629	2857	00010	1	170	1	394	1	1	1	1	1	300
630	3450	00010	1	170	1	594	1	1	1	1	1	300
631	2163	00010	1	171	1	203	1	1	1	1	1	300
632	2360	00010	1	171	1	132	1	1	1	1	1	300
633	3114	00010	1	171	1	457	1	1	1	1	1	300
634	672	00010	1	172	1	430	1	1	1	1	1	300
635	2752	00010	1	172	1	239	1	1	1	1	1	300
636	2759	00010	1	172	1	259	1	1	1	1	1	300
637	898	00010	1	173	1	124	1	1	1	1	1	300
638	910	00010	1	173	1	221	1	1	1	1	1	300
639	3285	00010	1	173	1	207	1	1	1	1	1	300
640	916	00010	1	174	1	569	1	1	1	1	1	300
641	1822	00010	1	174	1	207	1	1	1	1	1	300
642	3205	00010	1	174	1	468	1	1	1	1	1	300
643	3277	00010	1	174	1	690	1	1	1	1	1	300
644	466	00010	1	175	1	620	1	1	1	1	1	300
645	472	00010	1	175	1	639	1	1	1	1	1	300
646	3125	00010	1	175	1	339	1	1	1	1	1	300
647	3220	00010	1	175	1	288	1	1	1	1	1	300
648	855	00010	1	176	1	394	1	1	1	1	1	300
649	2104	00010	1	176	1	527	1	1	1	1	1	300
650	2864	00010	1	176	1	592	1	1	1	1	1	300
651	3303	00010	1	176	1	384	1	1	1	1	1	300
652	453	00010	1	177	1	50	1	1	1	1	1	300
653	476	00010	1	177	1	87	1	1	1	1	1	300
654	2589	00010	1	177	1	848	1	1	1	1	1	300
655	135	00010	1	178	1	451	1	1	1	1	1	300
656	2165	00010	1	178	1	127	1	1	1	1	1	300
657	2363	00010	1	178	1	203	1	1	1	1	1	300
658	3166	00010	1	178	1	131	1	1	1	1	1	300
659	1184	00010	1	179	1	147	1	1	1	1	1	300
660	1384	00010	1	179	1	394	1	1	1	1	1	300
661	3164	00010	1	179	1	352	1	1	1	1	1	300
662	3481	00010	1	179	1	235	1	1	1	1	1	300
663	473	00010	1	180	1	152	1	1	1	1	1	300
664	479	00010	1	180	1	154	1	1	1	1	1	300
665	2586	00010	1	180	1	87	1	1	1	1	1	300
666	2587	00010	1	180	1	87	1	1	1	1	1	300
667	2164	00010	1	181	1	131	1	1	1	1	1	300
668	2358	00010	1	181	1	199	1	1	1	1	1	300
669	3473	00010	1	181	1	262	1	1	1	1	1	300
670	1753	00010	1	182	1	772	1	1	1	1	1	300
671	1973	00010	1	182	1	288	1	1	1	1	1	300
672	3347	00010	1	182	1	807	1	1	1	1	1	300
673	447	00010	1	183	1	522	1	1	1	1	1	300
674	1963	00010	1	183	1	150	1	1	1	1	1	300
675	2579	00010	1	183	1	50	1	1	1	1	1	300
676	911	00010	1	184	1	245	1	1	1	1	1	300
677	1823	00010	1	184	1	468	1	1	1	1	1	300
678	3280	00010	1	184	1	676	1	1	1	1	1	300
679	3284	00010	1	184	1	326	1	1	1	1	1	300
680	852	00010	1	185	1	384	1	1	1	1	1	300
681	853	00010	1	185	1	913	1	1	1	1	1	300
682	3202	00010	1	185	1	203	1	1	1	1	1	300
683	3299	00010	1	185	1	597	1	1	1	1	1	300
684	1222	00010	1	186	1	614	1	1	1	1	1	300
685	2691	00010	1	186	1	88	1	1	1	1	1	300
686	3162	00010	1	186	1	690	1	1	1	1	1	300
687	1191	00010	1	187	1	115	1	1	1	1	1	300
688	2136	00010	1	187	1	623	1	1	1	1	1	300
689	3457	00010	1	187	1	114	1	1	1	1	1	300
690	83	00010	1	188	1	126	1	1	1	1	1	300
691	101	00010	1	188	1	262	1	1	1	1	1	300
692	2320	00010	1	188	1	762	1	1	1	1	1	300
693	3064	00010	1	188	1	389	1	1	1	1	1	300
694	1741	00010	1	189	1	177	1	1	1	1	1	300
695	2021	00010	1	189	1	88	1	1	1	1	1	300
696	2711	00010	1	189	1	313	1	1	1	1	1	300
697	1844	00010	1	190	1	203	1	1	1	1	1	300
698	1845	00010	1	190	1	554	1	1	1	1	1	300
699	3301	00010	1	190	1	601	1	1	1	1	1	300
700	605	00010	1	191	1	169	1	1	1	1	1	300
701	2022	00010	1	191	1	287	1	1	1	1	1	300
702	3395	00010	1	191	1	88	1	1	1	1	1	300
703	971	00010	1	192	1	350	1	1	1	1	1	300
704	1748	00010	1	192	1	175	1	1	1	1	1	300
705	3223	00010	1	192	1	370	1	1	1	1	1	300
706	2167	00010	1	193	1	390	1	1	1	1	1	300
707	2173	00010	1	193	1	253	1	1	1	1	1	300
708	3021	00010	1	193	1	264	1	1	1	1	1	300
709	3126	00010	1	193	1	197	1	1	1	1	1	300
710	626	00010	1	194	1	250	1	1	1	1	1	300
711	2030	00010	1	194	1	126	1	1	1	1	1	300
712	2702	00010	1	194	1	173	1	1	1	1	1	300
713	3281	00010	1	194	1	679	1	1	1	1	1	300
714	40	00010	1	195	1	246	1	1	1	1	1	300
715	2143	00010	1	195	1	389	1	1	1	1	1	300
716	3065	00010	1	195	1	394	1	1	1	1	1	300
717	3250	00010	1	195	1	434	1	1	1	1	1	300
718	912	00010	1	196	1	527	1	1	1	1	1	300
719	2899	00010	1	196	1	330	1	1	1	1	1	300
720	2907	00010	1	196	1	245	1	1	1	1	1	300
721	786	00010	1	197	1	191	1	1	1	1	1	300
722	1529	00010	1	197	1	255	1	1	1	1	1	300
723	3130	00010	1	197	1	527	1	1	1	1	1	300
724	1034	00010	1	198	1	197	1	1	1	1	1	300
725	1189	00010	1	198	1	70	1	1	1	1	1	300
726	2168	00010	1	198	1	95	1	1	1	1	1	300
727	614	00010	1	199	1	173	1	1	1	1	1	300
728	1769	00010	1	199	1	221	1	1	1	1	1	300
729	3044	00010	1	199	1	97	1	1	1	1	1	300
730	1226	00010	1	200	1	97	1	1	1	1	1	300
731	1768	00010	1	200	1	251	1	1	1	1	1	300
732	2725	00010	1	200	1	174	1	1	1	1	1	300
733	98	00010	1	201	1	89	1	1	1	1	1	300
734	1723	00010	1	201	1	420	1	1	1	1	1	300
735	2350	00010	1	201	1	273	1	1	1	1	1	300
736	597	00010	1	202	1	136	1	1	1	1	1	300
737	2703	00010	1	202	1	50	1	1	1	1	1	300
738	3127	00010	1	202	1	256	1	1	1	1	1	300
739	900	00010	1	203	1	152	1	1	1	1	1	300
740	1816	00010	1	203	1	231	1	1	1	1	1	300
741	2671	00010	1	203	1	149	1	1	1	1	1	300
742	3401	00010	1	203	1	250	1	1	1	1	1	300
743	638	00010	1	204	1	80	1	1	1	1	1	300
744	2739	00010	1	204	1	298	1	1	1	1	1	300
745	3398	00010	1	204	1	395	1	1	1	1	1	300
746	1382	00010	1	205	1	434	1	1	1	1	1	300
747	1788	00010	1	205	1	126	1	1	1	1	1	300
748	3027	00010	1	205	1	273	1	1	1	1	1	300
749	3470	00010	1	205	1	178	1	1	1	1	1	300
750	1754	00010	1	206	1	468	1	1	1	1	1	300
751	1765	00010	1	206	1	979	1	1	1	1	1	300
752	3235	00010	1	206	1	203	1	1	1	1	1	300
753	3331	00010	1	206	1	156	1	1	1	1	1	300
754	2176	00010	1	207	1	336	1	1	1	1	1	300
755	2192	00010	1	207	1	772	1	1	1	1	1	300
756	3491	00010	1	207	1	162	1	1	1	1	1	300
757	3493	00010	1	207	1	390	1	1	1	1	1	300
758	179	00010	1	208	1	143	1	1	1	1	1	300
759	1311	00010	1	208	1	182	1	1	1	1	1	300
760	1908	00010	1	208	1	245	1	1	1	1	1	300
761	32	00010	1	209	1	366	1	1	1	1	1	300
762	56	00010	1	209	1	118	1	1	1	1	1	300
763	2330	00010	1	209	1	146	1	1	1	1	1	300
764	2134	00010	1	210	1	178	1	1	1	1	1	300
765	2135	00010	1	210	1	128	1	1	1	1	1	300
766	3342	00010	1	210	1	623	1	1	1	1	1	300
767	1847	00010	1	211	1	409	1	1	1	1	1	300
768	2863	00010	1	211	1	554	1	1	1	1	1	300
769	3287	00010	1	211	1	442	1	1	1	1	1	300
770	1033	00010	1	212	1	162	1	1	1	1	1	300
771	2174	00010	1	212	1	403	1	1	1	1	1	300
772	3061	00010	1	212	1	89	1	1	1	1	1	300
773	637	00010	1	213	1	395	1	1	1	1	1	300
774	2704	00010	1	213	1	256	1	1	1	1	1	300
775	2726	00010	1	213	1	178	1	1	1	1	1	300
776	3397	00010	1	213	1	170	1	1	1	1	1	300
777	1755	00010	1	214	1	498	1	1	1	1	1	300
778	2582	00010	1	214	1	468	1	1	1	1	1	300
779	3219	00010	1	214	1	772	1	1	1	1	1	300
780	69	00010	1	215	1	105	1	1	1	1	1	300
781	1532	00010	1	215	1	236	1	1	1	1	1	300
782	2332	00010	1	215	1	118	1	1	1	1	1	300
783	1818	00010	1	216	1	223	1	1	1	1	1	300
784	2715	00010	1	216	1	231	1	1	1	1	1	300
785	2997	00010	1	216	1	96	1	1	1	1	1	300
786	1670	00010	1	217	1	523	1	1	1	1	1	300
787	1676	00010	1	217	1	89	1	1	1	1	1	300
788	3494	00010	1	217	1	100	1	1	1	1	1	300
789	913	00010	1	218	1	120	1	1	1	1	1	300
790	2905	00010	1	218	1	113	1	1	1	1	1	300
791	2908	00010	1	218	1	527	1	1	1	1	1	300
792	794	00010	1	219	1	203	1	1	1	1	1	300
793	1891	00010	1	219	1	251	1	1	1	1	1	300
794	3469	00010	1	219	1	128	1	1	1	1	1	300
795	593	00010	1	220	1	113	1	1	1	1	1	300
796	640	00010	1	220	1	178	1	1	1	1	1	300
797	2681	00010	1	220	1	108	1	1	1	1	1	300
798	2741	00010	1	220	1	490	1	1	1	1	1	300
799	131	00010	1	221	1	350	1	1	1	1	1	300
800	2170	00010	1	221	1	100	1	1	1	1	1	300
801	2361	00010	1	221	1	420	1	1	1	1	1	300
802	3482	00010	1	221	1	363	1	1	1	1	1	300
803	595	00010	1	222	1	50	1	1	1	1	1	300
804	1523	00010	1	222	1	221	1	1	1	1	1	300
805	2024	00010	1	222	1	170	1	1	1	1	1	300
806	867	00010	1	223	1	442	1	1	1	1	1	300
807	1826	00010	1	223	1	186	1	1	1	1	1	300
808	2914	00010	1	223	1	578	1	1	1	1	1	300
809	3452	00010	1	223	1	430	1	1	1	1	1	300
810	1817	00010	1	224	1	279	1	1	1	1	1	300
811	2033	00010	1	224	1	198	1	1	1	1	1	300
812	2706	00010	1	224	1	637	1	1	1	1	1	300
813	1848	00010	1	225	1	93	1	1	1	1	1	300
814	2119	00010	1	225	1	260	1	1	1	1	1	300
815	3302	00010	1	225	1	913	1	1	1	1	1	300
816	601	00010	1	226	1	104	1	1	1	1	1	300
817	2034	00010	1	226	1	637	1	1	1	1	1	300
818	2689	00010	1	226	1	154	1	1	1	1	1	300
819	3190	00010	1	226	1	758	1	1	1	1	1	300
820	1254	00010	1	227	1	286	1	1	1	1	1	300
821	1518	00010	1	227	1	1094	1	1	1	1	1	300
822	2916	00010	1	227	1	223	1	1	1	1	1	300
823	3404	00010	1	227	1	279	1	1	1	1	1	300
824	29	00010	1	228	1	378	1	1	1	1	1	300
825	1890	00010	1	228	1	195	1	1	1	1	1	300
826	2313	00010	1	228	1	251	1	1	1	1	1	300
827	1032	00010	1	229	1	180	1	1	1	1	1	300
828	2177	00010	1	229	1	64	1	1	1	1	1	300
829	3049	00010	1	229	1	79	1	1	1	1	1	300
830	909	00010	1	230	1	344	1	1	1	1	1	300
831	2099	00010	1	230	1	400	1	1	1	1	1	300
832	2900	00010	1	230	1	153	1	1	1	1	1	300
833	3283	00010	1	230	1	286	1	1	1	1	1	300
834	1235	00010	1	231	1	758	1	1	1	1	1	300
835	1634	00010	1	231	1	490	1	1	1	1	1	300
836	2727	00010	1	231	1	669	1	1	1	1	1	300
837	789	00010	1	232	1	206	1	1	1	1	1	300
838	864	00010	1	232	1	129	1	1	1	1	1	300
839	2866	00010	1	232	1	152	1	1	1	1	1	300
840	862	00010	1	233	1	50	1	1	1	1	1	300
841	3304	00010	1	233	1	409	1	1	1	1	1	300
842	3305	00010	1	233	1	356	1	1	1	1	1	300
843	858	00010	1	234	1	130	1	1	1	1	1	300
844	866	00010	1	234	1	111	1	1	1	1	1	300
845	2871	00010	1	234	1	82	1	1	1	1	1	300
846	3288	00010	1	234	1	186	1	1	1	1	1	300
847	842	00010	1	235	1	225	1	1	1	1	1	300
848	1825	00010	1	235	1	430	1	1	1	1	1	300
849	3045	00010	1	235	1	50	1	1	1	1	1	300
850	844	00010	1	236	1	111	1	1	1	1	1	300
851	919	00010	1	236	1	79	1	1	1	1	1	300
852	1232	00010	1	236	1	50	1	1	1	1	1	300
853	2912	00010	1	236	1	400	1	1	1	1	1	300
854	845	00010	1	237	1	256	1	1	1	1	1	300
855	3325	00010	1	237	1	581	1	1	1	1	1	300
856	3405	00010	1	237	1	198	1	1	1	1	1	300
857	598	00010	1	238	1	244	1	1	1	1	1	300
858	1522	00010	1	238	1	221	1	1	1	1	1	300
859	2026	00010	1	238	1	214	1	1	1	1	1	300
860	2685	00010	1	238	1	157	1	1	1	1	1	300
861	785	00010	1	239	1	91	1	1	1	1	1	300
862	854	00010	1	239	1	128	1	1	1	1	1	300
863	3091	00010	1	239	1	260	1	1	1	1	1	300
864	1206	00010	1	240	1	1325	1	1	1	1	1	300
865	1759	00010	1	240	1	618	1	1	1	1	1	300
866	2974	00010	1	240	1	647	1	1	1	1	1	300
867	3047	00010	1	240	1	414	1	1	1	1	1	300
868	475	00010	1	241	1	176	1	1	1	1	1	300
869	1159	00010	1	241	1	984	1	1	1	1	1	300
870	2590	00010	1	241	1	110	1	1	1	1	1	300
871	3221	00010	1	241	1	423	1	1	1	1	1	300
872	848	00010	1	242	1	64	1	1	1	1	1	300
873	1020	00010	1	242	1	50	1	1	1	1	1	300
874	2911	00010	1	242	1	79	1	1	1	1	1	300
875	1250	00010	1	243	1	423	1	1	1	1	1	300
876	1756	00010	1	243	1	117	1	1	1	1	1	300
877	2583	00010	1	243	1	498	1	1	1	1	1	300
878	3233	00010	1	243	1	287	1	1	1	1	1	300
879	44	00010	1	244	1	97	1	1	1	1	1	300
880	79	00010	1	244	1	341	1	1	1	1	1	300
881	3487	00010	1	244	1	209	1	1	1	1	1	300
882	1849	00010	1	245	1	494	1	1	1	1	1	300
883	2992	00010	1	245	1	50	1	1	1	1	1	300
884	2993	00010	1	245	1	50	1	1	1	1	1	300
885	787	00010	1	246	1	93	1	1	1	1	1	300
886	865	00010	1	246	1	253	1	1	1	1	1	300
887	2867	00010	1	246	1	129	1	1	1	1	1	300
888	843	00010	1	247	1	153	1	1	1	1	1	300
889	1910	00010	1	247	1	50	1	1	1	1	1	300
890	2921	00010	1	247	1	220	1	1	1	1	1	300
891	579	00010	1	248	1	303	1	1	1	1	1	300
892	659	00010	1	248	1	115	1	1	1	1	1	300
893	3387	00010	1	248	1	984	1	1	1	1	1	300
894	784	00010	1	249	1	50	1	1	1	1	1	300
895	1308	00010	1	249	1	269	1	1	1	1	1	300
896	2120	00010	1	249	1	104	1	1	1	1	1	300
897	1501	00010	1	250	1	252	1	1	1	1	1	300
898	2122	00010	1	250	1	108	1	1	1	1	1	300
899	2858	00010	1	250	1	128	1	1	1	1	1	300
900	53	00010	1	251	1	119	1	1	1	1	1	300
901	2152	00010	1	251	1	368	1	1	1	1	1	300
902	2986	00010	1	251	1	205	1	1	1	1	1	300
903	860	00010	1	252	1	188	1	1	1	1	1	300
904	1846	00010	1	252	1	356	1	1	1	1	1	300
905	2874	00010	1	252	1	125	1	1	1	1	1	300
906	167	00010	1	253	1	448	1	1	1	1	1	300
907	2186	00010	1	253	1	404	1	1	1	1	1	300
908	2393	00010	1	253	1	208	1	1	1	1	1	300
909	3023	00010	1	253	1	425	1	1	1	1	1	300
910	1877	00010	1	254	1	209	1	1	1	1	1	300
911	2155	00010	1	254	1	82	1	1	1	1	1	300
912	3484	00010	1	254	1	378	1	1	1	1	1	300
913	3488	00010	1	254	1	193	1	1	1	1	1	300
914	653	00010	1	255	1	498	1	1	1	1	1	300
915	2025	00010	1	255	1	249	1	1	1	1	1	300
916	2705	00010	1	255	1	214	1	1	1	1	1	300
917	2742	00010	1	255	1	481	1	1	1	1	1	300
918	85	00010	1	256	1	200	1	1	1	1	1	300
919	97	00010	1	256	1	465	1	1	1	1	1	300
920	2334	00010	1	256	1	176	1	1	1	1	1	300
921	43	00010	1	257	1	205	1	1	1	1	1	300
922	2157	00010	1	257	1	129	1	1	1	1	1	300
923	2998	00010	1	257	1	82	1	1	1	1	1	300
924	3321	00010	1	257	1	201	1	1	1	1	1	300
925	872	00010	1	258	1	125	1	1	1	1	1	300
926	1322	00010	1	258	1	71	1	1	1	1	1	300
927	2873	00010	1	258	1	129	1	1	1	1	1	300
928	3344	00010	1	258	1	111	1	1	1	1	1	300
929	790	00010	1	259	1	95	1	1	1	1	1	300
930	869	00010	1	259	1	249	1	1	1	1	1	300
931	2868	00010	1	259	1	253	1	1	1	1	1	300
932	1661	00010	1	260	1	490	1	1	1	1	1	300
933	1722	00010	1	260	1	287	1	1	1	1	1	300
934	3234	00010	1	260	1	58	1	1	1	1	1	300
935	3236	00010	1	260	1	979	1	1	1	1	1	300
936	446	00010	1	261	1	491	1	1	1	1	1	300
937	1767	00010	1	261	1	58	1	1	1	1	1	300
938	3332	00010	1	261	1	93	1	1	1	1	1	300
939	804	00010	1	262	1	377	1	1	1	1	1	300
940	2156	00010	1	262	1	193	1	1	1	1	1	300
941	3486	00010	1	262	1	201	1	1	1	1	1	300
942	1888	00010	1	263	1	77	1	1	1	1	1	300
943	2184	00010	1	263	1	123	1	1	1	1	1	300
944	2380	00010	1	263	1	388	1	1	1	1	1	300
945	2381	00010	1	263	1	291	1	1	1	1	1	300
946	803	00010	1	264	1	131	1	1	1	1	1	300
947	1876	00010	1	264	1	90	1	1	1	1	1	300
948	3318	00010	1	264	1	202	1	1	1	1	1	300
949	52	00010	1	265	1	176	1	1	1	1	1	300
950	1711	00010	1	265	1	445	1	1	1	1	1	300
951	3322	00010	1	265	1	132	1	1	1	1	1	300
952	3485	00010	1	265	1	129	1	1	1	1	1	300
953	181	00010	1	266	1	98	1	1	1	1	1	300
954	871	00010	1	266	1	129	1	1	1	1	1	300
955	2875	00010	1	266	1	70	1	1	1	1	1	300
956	873	00010	1	267	1	70	1	1	1	1	1	300
957	1738	00010	1	267	1	254	1	1	1	1	1	300
958	2918	00010	1	267	1	494	1	1	1	1	1	300
959	485	00010	1	268	1	1320	1	1	1	1	1	300
960	1736	00010	1	268	1	433	1	1	1	1	1	300
961	2977	00010	1	268	1	618	1	1	1	1	1	300
962	3184	00010	1	268	1	531	1	1	1	1	1	300
963	999	00010	1	269	1	414	1	1	1	1	1	300
964	1503	00010	1	269	1	195	1	1	1	1	1	300
965	1760	00010	1	269	1	531	1	1	1	1	1	300
966	2975	00010	1	269	1	126	1	1	1	1	1	300
967	811	00010	1	270	1	119	1	1	1	1	1	300
968	2159	00010	1	270	1	201	1	1	1	1	1	300
969	3319	00010	1	270	1	204	1	1	1	1	1	300
970	808	00010	1	271	1	50	1	1	1	1	1	300
971	813	00010	1	271	1	68	1	1	1	1	1	300
972	3454	00010	1	271	1	203	1	1	1	1	1	300
973	874	00010	1	272	1	131	1	1	1	1	1	300
974	1874	00010	1	272	1	202	1	1	1	1	1	300
975	2869	00010	1	272	1	249	1	1	1	1	1	300
976	3308	00010	1	272	1	91	1	1	1	1	1	300
977	184	00010	1	273	1	50	1	1	1	1	1	300
978	781	00010	1	273	1	91	1	1	1	1	1	300
979	3317	00010	1	273	1	222	1	1	1	1	1	300
980	893	00010	1	274	1	231	1	1	1	1	1	300
981	1875	00010	1	274	1	204	1	1	1	1	1	300
982	2872	00010	1	274	1	131	1	1	1	1	1	300
983	3312	00010	1	274	1	204	1	1	1	1	1	300
984	886	00010	1	275	1	751	1	1	1	1	1	300
985	2105	00010	1	275	1	203	1	1	1	1	1	300
986	2876	00010	1	275	1	50	1	1	1	1	1	300
987	3336	00010	1	275	1	254	1	1	1	1	1	300
988	832	00010	1	276	1	254	1	1	1	1	1	300
989	1867	00010	1	276	1	94	1	1	1	1	1	300
990	2888	00010	1	276	1	203	1	1	1	1	1	300
991	183	00010	1	277	1	127	1	1	1	1	1	300
992	1326	00010	1	277	1	345	1	1	1	1	1	300
993	3316	00010	1	277	1	283	1	1	1	1	1	300
994	1329	00010	1	278	1	222	1	1	1	1	1	300
995	1951	00010	1	278	1	130	1	1	1	1	1	300
996	3147	00010	1	278	1	194	1	1	1	1	1	300
997	797	00010	1	279	1	382	1	1	1	1	1	300
998	1864	00010	1	279	1	204	1	1	1	1	1	300
999	3314	00010	1	279	1	202	1	1	1	1	1	300
1000	1543	00010	1	280	1	522	1	1	1	1	1	300
1001	1623	00010	1	280	1	122	1	1	1	1	1	300
1002	2595	00010	1	280	1	783	1	1	1	1	1	300
1003	840	00010	1	281	1	129	1	1	1	1	1	300
1004	889	00010	1	281	1	203	1	1	1	1	1	300
1005	3315	00010	1	281	1	65	1	1	1	1	1	300
1006	894	00010	1	282	1	474	1	1	1	1	1	300
1007	1852	00010	1	282	1	211	1	1	1	1	1	300
1008	2892	00010	1	282	1	231	1	1	1	1	1	300
1009	1480	00010	1	283	1	301	1	1	1	1	1	300
1010	3086	00010	1	283	1	202	1	1	1	1	1	300
1011	3343	00010	1	283	1	130	1	1	1	1	1	300
1012	923	00010	1	284	1	480	1	1	1	1	1	300
1013	2743	00010	1	284	1	293	1	1	1	1	1	300
1014	2746	00010	1	284	1	360	1	1	1	1	1	300
1015	833	00010	1	285	1	122	1	1	1	1	1	300
1016	2130	00010	1	285	1	202	1	1	1	1	1	300
1017	3313	00010	1	285	1	202	1	1	1	1	1	300
1018	170	00010	1	286	1	392	1	1	1	1	1	300
1019	2129	00010	1	286	1	281	1	1	1	1	1	300
1020	2402	00010	1	286	1	166	1	1	1	1	1	300
1021	3022	00010	1	286	1	324	1	1	1	1	1	300
1022	105	00010	1	287	1	285	1	1	1	1	1	300
1023	111	00010	1	287	1	344	1	1	1	1	1	300
1024	2346	00010	1	287	1	109	1	1	1	1	1	300
1025	2887	00010	1	287	1	213	1	1	1	1	1	300
1026	985	00010	1	288	1	340	1	1	1	1	1	300
1027	1885	00010	1	288	1	351	1	1	1	1	1	300
1028	3400	00010	1	288	1	480	1	1	1	1	1	300
1029	690	00010	1	289	1	215	1	1	1	1	1	300
1030	1537	00010	1	289	1	235	1	1	1	1	1	300
1031	2613	00010	1	289	1	469	1	1	1	1	1	300
1032	782	00010	1	290	1	202	1	1	1	1	1	300
1033	3146	00010	1	290	1	120	1	1	1	1	1	300
1034	3522	00010	1	290	1	170	1	1	1	1	1	300
1035	2216	00010	1	291	1	133	1	1	1	1	1	300
1036	2217	00010	1	291	1	116	1	1	1	1	1	300
1037	3524	00010	1	291	1	212	1	1	1	1	1	300
1038	3532	00010	1	291	1	362	1	1	1	1	1	300
1039	837	00010	1	292	1	105	1	1	1	1	1	300
1040	897	00010	1	292	1	206	1	1	1	1	1	300
1041	2893	00010	1	292	1	280	1	1	1	1	1	300
1042	2983	00010	1	292	1	496	1	1	1	1	1	300
1043	839	00010	1	293	1	252	1	1	1	1	1	300
1044	1865	00010	1	293	1	202	1	1	1	1	1	300
1045	3552	00010	1	293	1	204	1	1	1	1	1	300
1046	1305	00010	1	294	1	300	1	1	1	1	1	300
1047	1712	00010	1	294	1	396	1	1	1	1	1	300
1048	2922	00010	1	294	1	340	1	1	1	1	1	300
1049	163	00010	1	295	1	262	1	1	1	1	1	300
1050	2127	00010	1	295	1	109	1	1	1	1	1	300
1051	2397	00010	1	295	1	284	1	1	1	1	1	300
1052	2056	00010	1	296	1	369	1	1	1	1	1	300
1053	2214	00010	1	296	1	170	1	1	1	1	1	300
1054	3523	00010	1	296	1	133	1	1	1	1	1	300
1055	3526	00010	1	296	1	349	1	1	1	1	1	300
1056	1303	00010	1	297	1	148	1	1	1	1	1	300
1057	1335	00010	1	297	1	50	1	1	1	1	1	300
1058	3121	00010	1	297	1	443	1	1	1	1	1	300
1059	956	00010	1	298	1	70	1	1	1	1	1	300
1060	2224	00010	1	298	1	83	1	1	1	1	1	300
1061	3056	00010	1	298	1	50	1	1	1	1	1	300
1062	693	00010	1	299	1	462	1	1	1	1	1	300
1063	2776	00010	1	299	1	50	1	1	1	1	1	300
1064	2999	00010	1	299	1	215	1	1	1	1	1	300
1065	2252	00010	1	300	1	204	1	1	1	1	1	300
1066	2253	00010	1	300	1	120	1	1	1	1	1	300
1067	3553	00010	1	300	1	201	1	1	1	1	1	300
1068	965	00010	1	301	1	50	1	1	1	1	1	300
1069	2228	00010	1	301	1	132	1	1	1	1	1	300
1070	3530	00010	1	301	1	83	1	1	1	1	1	300
1071	656	00010	1	302	1	379	1	1	1	1	1	300
1072	2747	00010	1	302	1	50	1	1	1	1	1	300
1073	2768	00010	1	302	1	1832	1	1	1	1	1	300
1074	822	00010	1	303	1	397	1	1	1	1	1	300
1075	1861	00010	1	303	1	106	1	1	1	1	1	300
1076	2885	00010	1	303	1	185	1	1	1	1	1	300
1077	1306	00010	1	304	1	215	1	1	1	1	1	300
1078	2218	00010	1	304	1	362	1	1	1	1	1	300
1079	2227	00010	1	304	1	132	1	1	1	1	1	300
1080	2949	00010	1	304	1	50	1	1	1	1	1	300
1081	896	00010	1	305	1	280	1	1	1	1	1	300
1082	1025	00010	1	305	1	81	1	1	1	1	1	300
1083	2981	00010	1	305	1	474	1	1	1	1	1	300
1084	166	00010	1	306	1	133	1	1	1	1	1	300
1085	1048	00010	1	306	1	160	1	1	1	1	1	300
1086	3051	00010	1	306	1	96	1	1	1	1	1	300
1087	1037	00010	1	307	1	802	1	1	1	1	1	300
1088	2028	00010	1	307	1	360	1	1	1	1	1	300
1089	3010	00010	1	307	1	971	1	1	1	1	1	300
1090	3249	00010	1	307	1	221	1	1	1	1	1	300
1091	888	00010	1	308	1	287	1	1	1	1	1	300
1092	892	00010	1	308	1	199	1	1	1	1	1	300
1093	3000	00010	1	308	1	81	1	1	1	1	1	300
1094	3514	00010	1	308	1	223	1	1	1	1	1	300
1095	2215	00010	1	309	1	349	1	1	1	1	1	300
1096	2223	00010	1	309	1	257	1	1	1	1	1	300
1097	2948	00010	1	309	1	256	1	1	1	1	1	300
1098	3533	00010	1	309	1	132	1	1	1	1	1	300
1099	966	00010	1	310	1	316	1	1	1	1	1	300
1100	1500	00010	1	310	1	226	1	1	1	1	1	300
1101	2959	00010	1	310	1	178	1	1	1	1	1	300
1102	2961	00010	1	310	1	396	1	1	1	1	1	300
1103	827	00010	1	311	1	135	1	1	1	1	1	300
1104	885	00010	1	311	1	185	1	1	1	1	1	300
1105	2880	00010	1	311	1	193	1	1	1	1	1	300
1106	483	00010	1	312	1	783	1	1	1	1	1	300
1107	1535	00010	1	312	1	200	1	1	1	1	1	300
1108	2422	00010	1	312	1	649	1	1	1	1	1	300
1109	3228	00010	1	312	1	1320	1	1	1	1	1	300
1110	826	00010	1	313	1	174	1	1	1	1	1	300
1111	883	00010	1	313	1	126	1	1	1	1	1	300
1112	2886	00010	1	313	1	127	1	1	1	1	1	300
1113	1026	00010	1	314	1	173	1	1	1	1	1	300
1114	2060	00010	1	314	1	126	1	1	1	1	1	300
1115	3425	00010	1	314	1	297	1	1	1	1	1	300
1116	3521	00010	1	314	1	369	1	1	1	1	1	300
1117	982	00010	1	315	1	178	1	1	1	1	1	300
1118	983	00010	1	315	1	137	1	1	1	1	1	300
1119	3339	00010	1	315	1	117	1	1	1	1	1	300
1120	836	00010	1	316	1	544	1	1	1	1	1	300
1121	2205	00010	1	316	1	223	1	1	1	1	1	300
1122	3169	00010	1	316	1	250	1	1	1	1	1	300
1123	882	00010	1	317	1	174	1	1	1	1	1	300
1124	891	00010	1	317	1	172	1	1	1	1	1	300
1125	2881	00010	1	317	1	236	1	1	1	1	1	300
1126	2891	00010	1	317	1	199	1	1	1	1	1	300
1127	821	00010	1	318	1	245	1	1	1	1	1	300
1128	880	00010	1	318	1	193	1	1	1	1	1	300
1129	2877	00010	1	318	1	232	1	1	1	1	1	300
1130	261	00010	1	319	1	405	1	1	1	1	1	300
1131	679	00010	1	319	1	192	1	1	1	1	1	300
1132	2778	00010	1	319	1	462	1	1	1	1	1	300
1133	2226	00010	1	320	1	256	1	1	1	1	1	300
1134	2269	00010	1	320	1	50	1	1	1	1	1	300
1135	2991	00010	1	320	1	107	1	1	1	1	1	300
1136	3582	00010	1	320	1	50	1	1	1	1	1	300
1137	2220	00010	1	321	1	212	1	1	1	1	1	300
1138	2221	00010	1	321	1	116	1	1	1	1	1	300
1139	2527	00010	1	321	1	622	1	1	1	1	1	300
1140	3543	00010	1	321	1	257	1	1	1	1	1	300
1141	1860	00010	1	322	1	275	1	1	1	1	1	300
1142	2054	00010	1	322	1	126	1	1	1	1	1	300
1143	3429	00010	1	322	1	126	1	1	1	1	1	300
1144	138	00010	1	323	1	231	1	1	1	1	1	300
1145	141	00010	1	323	1	304	1	1	1	1	1	300
1146	3145	00010	1	323	1	472	1	1	1	1	1	300
1147	3503	00010	1	323	1	594	1	1	1	1	1	300
1148	176	00010	1	324	1	596	1	1	1	1	1	300
1149	2407	00010	1	324	1	444	1	1	1	1	1	300
1150	3171	00010	1	324	1	114	1	1	1	1	1	300
1151	200	00010	1	325	1	284	1	1	1	1	1	300
1152	201	00010	1	325	1	1379	1	1	1	1	1	300
1153	3043	00010	1	325	1	77	1	1	1	1	1	300
1154	823	00010	1	326	1	132	1	1	1	1	1	300
1155	1694	00010	1	326	1	250	1	1	1	1	1	300
1156	2512	00010	1	326	1	200	1	1	1	1	1	300
1157	964	00010	1	327	1	107	1	1	1	1	1	300
1158	1108	00010	1	327	1	407	1	1	1	1	1	300
1159	2538	00010	1	327	1	239	1	1	1	1	1	300
1160	2951	00010	1	327	1	316	1	1	1	1	1	300
1161	572	00010	1	328	1	198	1	1	1	1	1	300
1162	1534	00010	1	328	1	1832	1	1	1	1	1	300
1163	2767	00010	1	328	1	192	1	1	1	1	1	300
1164	824	00010	1	329	1	192	1	1	1	1	1	300
1165	881	00010	1	329	1	236	1	1	1	1	1	300
1166	2878	00010	1	329	1	249	1	1	1	1	1	300
1167	2055	00010	1	330	1	297	1	1	1	1	1	300
1168	2231	00010	1	330	1	132	1	1	1	1	1	300
1169	3528	00010	1	330	1	116	1	1	1	1	1	300
1170	3529	00010	1	330	1	146	1	1	1	1	1	300
1171	818	00010	1	331	1	174	1	1	1	1	1	300
1172	2057	00010	1	331	1	123	1	1	1	1	1	300
1173	3424	00010	1	331	1	126	1	1	1	1	1	300
1174	878	00010	1	332	1	200	1	1	1	1	1	300
1175	1005	00010	1	332	1	336	1	1	1	1	1	300
1176	2511	00010	1	332	1	169	1	1	1	1	1	300
1177	173	00010	1	333	1	231	1	1	1	1	1	300
1178	177	00010	1	333	1	602	1	1	1	1	1	300
1179	2408	00010	1	333	1	305	1	1	1	1	1	300
1180	3015	00010	1	333	1	114	1	1	1	1	1	300
1181	351	00010	1	334	1	170	1	1	1	1	1	300
1182	2229	00010	1	334	1	126	1	1	1	1	1	300
1183	3536	00010	1	334	1	132	1	1	1	1	1	300
1184	3584	00010	1	334	1	275	1	1	1	1	1	300
1185	1577	00010	1	335	1	203	1	1	1	1	1	300
1186	2222	00010	1	335	1	146	1	1	1	1	1	300
1187	3340	00010	1	335	1	50	1	1	1	1	1	300
1188	292	00010	1	336	1	241	1	1	1	1	1	300
1189	2210	00010	1	336	1	169	1	1	1	1	1	300
1190	3207	00010	1	336	1	374	1	1	1	1	1	300
1191	2059	00010	1	337	1	182	1	1	1	1	1	300
1192	2061	00010	1	337	1	103	1	1	1	1	1	300
1193	3426	00010	1	337	1	123	1	1	1	1	1	300
1194	3428	00010	1	337	1	254	1	1	1	1	1	300
1195	1301	00010	1	338	1	125	1	1	1	1	1	300
1196	1932	00010	1	338	1	50	1	1	1	1	1	300
1197	3052	00010	1	338	1	108	1	1	1	1	1	300
1198	1695	00010	1	339	1	261	1	1	1	1	1	300
1199	1857	00010	1	339	1	105	1	1	1	1	1	300
1200	3534	00010	1	339	1	126	1	1	1	1	1	300
1201	2053	00010	1	340	1	594	1	1	1	1	1	300
1202	2181	00010	1	340	1	150	1	1	1	1	1	300
1203	2499	00010	1	340	1	284	1	1	1	1	1	300
1204	2889	00010	1	340	1	305	1	1	1	1	1	300
1205	227	00010	1	341	1	387	1	1	1	1	1	300
1206	242	00010	1	341	1	1219	1	1	1	1	1	300
1207	2453	00010	1	341	1	91	1	1	1	1	1	300
1208	3338	00010	1	341	1	405	1	1	1	1	1	300
1209	324	00010	1	342	1	211	1	1	1	1	1	300
1210	1868	00010	1	342	1	374	1	1	1	1	1	300
1211	2472	00010	1	342	1	182	1	1	1	1	1	300
1212	3427	00010	1	342	1	260	1	1	1	1	1	300
1213	2058	00010	1	343	1	254	1	1	1	1	1	300
1214	2225	00010	1	343	1	146	1	1	1	1	1	300
1215	3527	00010	1	343	1	105	1	1	1	1	1	300
1216	3554	00010	1	343	1	166	1	1	1	1	1	300
1217	376	00010	1	344	1	136	1	1	1	1	1	300
1218	1696	00010	1	344	1	72	1	1	1	1	1	300
1219	2536	00010	1	344	1	219	1	1	1	1	1	300
1220	2950	00010	1	344	1	407	1	1	1	1	1	300
1221	346	00010	1	345	1	284	1	1	1	1	1	300
1222	1566	00010	1	345	1	240	1	1	1	1	1	300
1223	2195	00010	1	345	1	173	1	1	1	1	1	300
1224	2495	00010	1	345	1	294	1	1	1	1	1	300
1225	1855	00010	1	346	1	166	1	1	1	1	1	300
1226	1859	00010	1	346	1	182	1	1	1	1	1	300
1227	2503	00010	1	346	1	50	1	1	1	1	1	300
1228	1716	00010	1	347	1	217	1	1	1	1	1	300
1229	1851	00010	1	347	1	260	1	1	1	1	1	300
1230	3531	00010	1	347	1	146	1	1	1	1	1	300
1231	295	00010	1	348	1	207	1	1	1	1	1	300
1232	338	00010	1	348	1	110	1	1	1	1	1	300
1233	2487	00010	1	348	1	255	1	1	1	1	1	300
1234	2528	00010	1	349	1	221	1	1	1	1	1	300
1235	2530	00010	1	349	1	160	1	1	1	1	1	300
1236	3170	00010	1	349	1	72	1	1	1	1	1	300
1237	352	00010	1	350	1	50	1	1	1	1	1	300
1238	2230	00010	1	350	1	102	1	1	1	1	1	300
1239	3053	00010	1	350	1	59	1	1	1	1	1	300
1240	336	00010	1	351	1	255	1	1	1	1	1	300
1241	1775	00010	1	351	1	148	1	1	1	1	1	300
1242	3515	00010	1	351	1	177	1	1	1	1	1	300
1243	178	00010	1	352	1	579	1	1	1	1	1	300
1244	1989	00010	1	352	1	1871	1	1	1	1	1	300
1245	2978	00010	1	352	1	264	1	1	1	1	1	300
1246	3149	00010	1	352	1	82	1	1	1	1	1	300
1247	1995	00010	1	353	1	264	1	1	1	1	1	300
1248	2110	00010	1	353	1	368	1	1	1	1	1	300
1249	3058	00010	1	353	1	290	1	1	1	1	1	300
1250	361	00010	1	354	1	149	1	1	1	1	1	300
1251	2206	00010	1	354	1	177	1	1	1	1	1	300
1252	2508	00010	1	354	1	169	1	1	1	1	1	300
1253	3176	00010	1	354	1	171	1	1	1	1	1	300
1254	371	00010	1	355	1	70	1	1	1	1	1	300
1255	384	00010	1	355	1	219	1	1	1	1	1	300
1256	2534	00010	1	355	1	241	1	1	1	1	1	300
1257	2540	00010	1	355	1	115	1	1	1	1	1	300
1258	165	00010	1	356	1	250	1	1	1	1	1	300
1259	168	00010	1	356	1	290	1	1	1	1	1	300
1260	3458	00010	1	356	1	62	1	1	1	1	1	300
1261	1299	00010	1	357	1	59	1	1	1	1	1	300
1262	1579	00010	1	357	1	150	1	1	1	1	1	300
1263	2502	00010	1	357	1	94	1	1	1	1	1	300
1264	326	00010	1	358	1	97	1	1	1	1	1	300
1265	1706	00010	1	358	1	171	1	1	1	1	1	300
1266	3186	00010	1	358	1	180	1	1	1	1	1	300
1267	3297	00010	1	358	1	211	1	1	1	1	1	300
1268	1350	00010	1	359	1	525	1	1	1	1	1	300
1269	2063	00010	1	359	1	120	1	1	1	1	1	300
1270	2389	00010	1	359	1	374	1	1	1	1	1	300
1271	3500	00010	1	359	1	822	1	1	1	1	1	300
1272	2062	00010	1	360	1	822	1	1	1	1	1	300
1273	2067	00010	1	360	1	793	1	1	1	1	1	300
1274	2546	00010	1	360	1	175	1	1	1	1	1	300
1275	3509	00010	1	360	1	348	1	1	1	1	1	300
1276	2180	00010	1	361	1	348	1	1	1	1	1	300
1277	2498	00010	1	361	1	528	1	1	1	1	1	300
1278	3510	00010	1	361	1	173	1	1	1	1	1	300
1279	3516	00010	1	361	1	568	1	1	1	1	1	300
1280	367	00010	1	362	1	70	1	1	1	1	1	300
1281	381	00010	1	362	1	241	1	1	1	1	1	300
1282	2519	00010	1	362	1	122	1	1	1	1	1	300
1283	2542	00010	1	362	1	542	1	1	1	1	1	300
1284	345	00010	1	363	1	568	1	1	1	1	1	300
1285	2209	00010	1	363	1	157	1	1	1	1	1	300
1286	3517	00010	1	363	1	249	1	1	1	1	1	300
1287	332	00010	1	364	1	235	1	1	1	1	1	300
1288	355	00010	1	364	1	393	1	1	1	1	1	300
1289	2473	00010	1	364	1	234	1	1	1	1	1	300
1290	2479	00010	1	364	1	97	1	1	1	1	1	300
1291	296	00010	1	365	1	375	1	1	1	1	1	300
1292	2207	00010	1	365	1	249	1	1	1	1	1	300
1293	3518	00010	1	365	1	147	1	1	1	1	1	300
1294	320	00010	1	366	1	343	1	1	1	1	1	300
1295	325	00010	1	366	1	234	1	1	1	1	1	300
1296	2470	00010	1	366	1	295	1	1	1	1	1	300
1297	3535	00010	1	366	1	217	1	1	1	1	1	300
1298	291	00010	1	367	1	193	1	1	1	1	1	300
1299	1715	00010	1	367	1	295	1	1	1	1	1	300
1300	2288	00010	1	367	1	372	1	1	1	1	1	300
1301	3154	00010	1	367	1	86	1	1	1	1	1	300
1302	1620	00010	1	368	1	86	1	1	1	1	1	300
1303	1709	00010	1	368	1	159	1	1	1	1	1	300
1304	2468	00010	1	368	1	50	1	1	1	1	1	300
1305	271	00010	1	369	1	339	1	1	1	1	1	300
1306	375	00010	1	369	1	71	1	1	1	1	1	300
1307	2529	00010	1	369	1	160	1	1	1	1	1	300
1308	1567	00010	1	370	1	467	1	1	1	1	1	300
1309	1871	00010	1	370	1	260	1	1	1	1	1	300
1310	2458	00010	1	370	1	70	1	1	1	1	1	300
1311	257	00010	1	371	1	87	1	1	1	1	1	300
1312	1927	00010	1	371	1	386	1	1	1	1	1	300
1313	2449	00010	1	371	1	50	1	1	1	1	1	300
1314	241	00010	1	372	1	2023.00000000000	1	1	1	1	1	300
1315	2423	00010	1	372	1	1857	1	1	1	1	1	300
1316	2597	00010	1	372	1	1379	1	1	1	1	1	300
1317	315	00010	1	373	1	290	1	1	1	1	1	300
1318	317	00010	1	373	1	1126	1	1	1	1	1	300
1319	2531	00010	1	373	1	71	1	1	1	1	1	300
1320	3217	00010	1	373	1	100	1	1	1	1	1	300
1321	374	00010	1	374	1	124	1	1	1	1	1	300
1322	1180	00010	1	374	1	86	1	1	1	1	1	300
1323	1751	00010	1	374	1	100	1	1	1	1	1	300
1324	2535	00010	1	374	1	52	1	1	1	1	1	300
1325	382	00010	1	375	1	247	1	1	1	1	1	300
1326	1183	00010	1	375	1	105	1	1	1	1	1	300
1327	2521	00010	1	375	1	134	1	1	1	1	1	300
1328	3218	00010	1	375	1	313	1	1	1	1	1	300
1329	980	00010	1	376	1	542	1	1	1	1	1	300
1330	2541	00010	1	376	1	330	1	1	1	1	1	300
1331	2544	00010	1	376	1	142	1	1	1	1	1	300
1332	1181	00010	1	377	1	255	1	1	1	1	1	300
1333	1953	00010	1	377	1	127	1	1	1	1	1	300
1334	2956	00010	1	377	1	458	1	1	1	1	1	300
1335	3035	00010	1	377	1	105	1	1	1	1	1	300
1336	319	00010	1	378	1	300	1	1	1	1	1	300
1337	2286	00010	1	378	1	397	1	1	1	1	1	300
1338	2287	00010	1	378	1	224	1	1	1	1	1	300
1339	3183	00010	1	378	1	372	1	1	1	1	1	300
1340	391	00010	1	379	1	330	1	1	1	1	1	300
1341	3024	00010	1	379	1	172	1	1	1	1	1	300
1342	3334	00010	1	379	1	946	1	1	1	1	1	300
1343	1111	00010	1	380	1	225	1	1	1	1	1	300
1344	1346	00010	1	380	1	159	1	1	1	1	1	300
1345	2467	00010	1	380	1	178	1	1	1	1	1	300
1346	2115	00010	1	381	1	212	1	1	1	1	1	300
1347	2417	00010	1	381	1	139	1	1	1	1	1	300
1348	3192	00010	1	381	1	63	1	1	1	1	1	300
1349	1730	00010	1	382	1	63	1	1	1	1	1	300
1350	3057	00010	1	382	1	159	1	1	1	1	1	300
1351	3153	00010	1	382	1	154	1	1	1	1	1	300
1352	268	00010	1	383	1	224	1	1	1	1	1	300
1353	312	00010	1	383	1	79	1	1	1	1	1	300
1354	2466	00010	1	383	1	132	1	1	1	1	1	300
1355	190	00010	1	384	1	154	1	1	1	1	1	300
1356	2277	00010	1	384	1	184	1	1	1	1	1	300
1357	3462	00010	1	384	1	57	1	1	1	1	1	300
1358	987	00010	1	385	1	550	1	1	1	1	1	300
1359	2149	00010	1	385	1	680	1	1	1	1	1	300
1360	2501	00010	1	385	1	201	1	1	1	1	1	300
1361	3501	00010	1	385	1	793	1	1	1	1	1	300
1362	309	00010	1	386	1	223	1	1	1	1	1	300
1363	313	00010	1	386	1	132	1	1	1	1	1	300
1364	1283	00010	1	386	1	206	1	1	1	1	1	300
1365	2464	00010	1	386	1	550	1	1	1	1	1	300
1366	193	00010	1	387	1	1853	1	1	1	1	1	300
1367	2133	00010	1	387	1	835	1	1	1	1	1	300
1368	3459	00010	1	387	1	119	1	1	1	1	1	300
1369	3461	00010	1	387	1	212	1	1	1	1	1	300
1370	185	00010	1	388	1	286	1	1	1	1	1	300
1371	2114	00010	1	388	1	119	1	1	1	1	1	300
1372	2117	00010	1	388	1	57	1	1	1	1	1	300
1373	2415	00010	1	388	1	120	1	1	1	1	1	300
1374	1290	00010	1	389	1	183	1	1	1	1	1	300
1375	2113	00010	1	389	1	120	1	1	1	1	1	300
1376	3079	00010	1	389	1	206	1	1	1	1	1	300
1377	222	00010	1	390	1	204	1	1	1	1	1	300
1378	2439	00010	1	390	1	199	1	1	1	1	1	300
1379	2441	00010	1	390	1	636	1	1	1	1	1	300
1380	356	00010	1	391	1	540	1	1	1	1	1	300
1381	1772	00010	1	391	1	195	1	1	1	1	1	300
1382	3143	00010	1	391	1	50	1	1	1	1	1	300
1383	1558	00010	1	392	1	50	1	1	1	1	1	300
1384	1581	00010	1	392	1	218	1	1	1	1	1	300
1385	3076	00010	1	392	1	50	1	1	1	1	1	300
1386	318	00010	1	393	1	834	1	1	1	1	1	300
1387	2273	00010	1	393	1	168	1	1	1	1	1	300
1388	2526	00010	1	393	1	1152	1	1	1	1	1	300
1389	3142	00010	1	393	1	1126	1	1	1	1	1	300
1390	251	00010	1	394	1	446	1	1	1	1	1	300
1391	1919	00010	1	394	1	475	1	1	1	1	1	300
1392	3135	00010	1	394	1	2023.00000000000	1	1	1	1	1	300
1393	1470	00010	1	395	1	102	1	1	1	1	1	300
1394	2445	00010	1	395	1	143	1	1	1	1	1	300
1395	3073	00010	1	395	1	636	1	1	1	1	1	300
1396	3333	00010	1	395	1	224	1	1	1	1	1	300
1397	342	00010	1	396	1	124	1	1	1	1	1	300
1398	2491	00010	1	396	1	108	1	1	1	1	1	300
1399	2513	00010	1	396	1	954	1	1	1	1	1	300
1400	3144	00010	1	396	1	354	1	1	1	1	1	300
1401	254	00010	1	397	1	946	1	1	1	1	1	300
1402	1551	00010	1	397	1	164	1	1	1	1	1	300
1403	3137	00010	1	397	1	145	1	1	1	1	1	300
1404	249	00010	1	398	1	50	1	1	1	1	1	300
1405	1395	00010	1	398	1	302	1	1	1	1	1	300
1406	2443	00010	1	398	1	136	1	1	1	1	1	300
1407	231	00010	1	399	1	187	1	1	1	1	1	300
1408	1548	00010	1	399	1	145	1	1	1	1	1	300
1409	2425	00010	1	399	1	199	1	1	1	1	1	300
1410	2434	00010	1	399	1	239	1	1	1	1	1	300
1411	248	00010	1	400	1	136	1	1	1	1	1	300
1412	259	00010	1	400	1	57	1	1	1	1	1	300
1413	2456	00010	1	400	1	1551	1	1	1	1	1	300
1414	3180	00010	1	400	1	446	1	1	1	1	1	300
1415	218	00010	1	401	1	304	1	1	1	1	1	300
1416	1401	00010	1	401	1	145	1	1	1	1	1	300
1417	2452	00010	1	401	1	57	1	1	1	1	1	300
1418	2148	00010	1	402	1	120	1	1	1	1	1	300
1419	2150	00010	1	402	1	126	1	1	1	1	1	300
1420	2965	00010	1	402	1	51	1	1	1	1	1	300
1421	283	00010	1	403	1	207	1	1	1	1	1	300
1422	1462	00010	1	403	1	72	1	1	1	1	1	300
1423	2509	00010	1	403	1	550	1	1	1	1	1	300
1424	364	00010	1	405	1	50	1	1	1	1	1	300
1425	2271	00010	1	405	1	220	1	1	1	1	1	300
1426	3090	00010	1	405	1	67	1	1	1	1	1	300
1427	1549	00010	1	406	1	239	1	1	1	1	1	300
1428	1719	00010	1	406	1	196	1	1	1	1	1	300
1429	2433	00010	1	406	1	121	1	1	1	1	1	300
1430	3069	00010	1	406	1	801	1	1	1	1	1	300
1431	2131	00010	1	407	1	128	1	1	1	1	1	300
1432	2419	00010	1	407	1	835	1	1	1	1	1	300
1433	2463	00010	1	407	1	427	1	1	1	1	1	300
1434	285	00010	1	408	1	254	1	1	1	1	1	300
1435	358	00010	1	408	1	72	1	1	1	1	1	300
1436	360	00010	1	408	1	110	1	1	1	1	1	300
1437	990	00010	1	409	1	135	1	1	1	1	1	300
1438	1489	00010	1	409	1	487	1	1	1	1	1	300
1439	3478	00010	1	409	1	120	1	1	1	1	1	300
1440	1495	00010	1	410	1	67	1	1	1	1	1	300
1441	1604	00010	1	410	1	285	1	1	1	1	1	300
1442	2515	00010	1	410	1	102	1	1	1	1	1	300
1443	236	00010	1	411	1	736	1	1	1	1	1	300
1444	1585	00010	1	411	1	304	1	1	1	1	1	300
1445	2440	00010	1	411	1	50	1	1	1	1	1	300
1446	1546	00010	1	412	1	786	1	1	1	1	1	300
1447	1752	00010	1	412	1	238	1	1	1	1	1	300
1448	2429	00010	1	412	1	50	1	1	1	1	1	300
1449	3185	00010	1	412	1	196	1	1	1	1	1	300
1450	189	00010	1	413	1	319	1	1	1	1	1	300
1451	1594	00010	1	413	1	1230	1	1	1	1	1	300
1452	3370	00010	1	413	1	356	1	1	1	1	1	300
1453	3375	00010	1	413	1	1871	1	1	1	1	1	300
1454	202	00010	1	414	1	250	1	1	1	1	1	300
1455	237	00010	1	414	1	121	1	1	1	1	1	300
1456	3075	00010	1	414	1	118	1	1	1	1	1	300
1457	186	00010	1	415	1	421	1	1	1	1	1	300
1458	2032	00010	1	415	1	982	1	1	1	1	1	300
1459	3466	00010	1	415	1	128	1	1	1	1	1	300
1460	3467	00010	1	415	1	424	1	1	1	1	1	300
1461	1559	00010	1	416	1	751	1	1	1	1	1	300
1462	2185	00010	1	416	1	463	1	1	1	1	1	300
1463	2482	00010	1	416	1	172	1	1	1	1	1	300
1464	2995	00010	1	416	1	111	1	1	1	1	1	300
1465	204	00010	1	417	1	212	1	1	1	1	1	300
1466	234	00010	1	417	1	50	1	1	1	1	1	300
1467	3074	00010	1	417	1	84	1	1	1	1	1	300
1468	347	00010	1	418	1	825	1	1	1	1	1	300
1469	363	00010	1	418	1	102	1	1	1	1	1	300
1470	2485	00010	1	418	1	463	1	1	1	1	1	300
1471	2514	00010	1	418	1	100	1	1	1	1	1	300
1472	988	00010	1	419	1	141	1	1	1	1	1	300
1473	1473	00010	1	419	1	540	1	1	1	1	1	300
1474	3078	00010	1	419	1	135	1	1	1	1	1	300
1475	3475	00010	1	419	1	141	1	1	1	1	1	300
1476	1488	00010	1	420	1	207	1	1	1	1	1	300
1477	2145	00010	1	420	1	141	1	1	1	1	1	300
1478	3479	00010	1	420	1	125	1	1	1	1	1	300
1479	2140	00010	1	421	1	294	1	1	1	1	1	300
1480	2151	00010	1	421	1	125	1	1	1	1	1	300
1481	3476	00010	1	421	1	142	1	1	1	1	1	300
1482	3505	00010	1	421	1	825	1	1	1	1	1	300
1483	1493	00010	1	422	1	247	1	1	1	1	1	300
1484	1691	00010	1	422	1	124	1	1	1	1	1	300
1485	2457	00010	1	422	1	50	1	1	1	1	1	300
1486	263	00010	1	423	1	300	1	1	1	1	1	300
1487	1397	00010	1	423	1	84	1	1	1	1	1	300
1488	2428	00010	1	423	1	314	1	1	1	1	1	300
1489	1050	00010	1	424	1	227	1	1	1	1	1	300
1490	1550	00010	1	424	1	118	1	1	1	1	1	300
1491	2432	00010	1	424	1	324	1	1	1	1	1	300
1492	266	00010	1	425	1	261	1	1	1	1	1	300
1493	304	00010	1	425	1	119	1	1	1	1	1	300
1494	2963	00010	1	425	1	182	1	1	1	1	1	300
1495	979	00010	1	426	1	1426	1	1	1	1	1	300
1496	2431	00010	1	426	1	786	1	1	1	1	1	300
1497	2533	00010	1	426	1	119	1	1	1	1	1	300
1498	2031	00010	1	427	1	320	1	1	1	1	1	300
1499	2193	00010	1	427	1	261	1	1	1	1	1	300
1500	2469	00010	1	427	1	834	1	1	1	1	1	300
1501	362	00010	1	428	1	100	1	1	1	1	1	300
1502	1022	00010	1	428	1	342	1	1	1	1	1	300
1503	2189	00010	1	428	1	400	1	1	1	1	1	300
1504	1590	00010	1	429	1	182	1	1	1	1	1	300
1505	2142	00010	1	429	1	160	1	1	1	1	1	300
1506	3471	00010	1	429	1	75	1	1	1	1	1	300
1507	378	00010	1	430	1	119	1	1	1	1	1	300
1508	1114	00010	1	430	1	714	1	1	1	1	1	300
1509	3136	00010	1	430	1	126	1	1	1	1	1	300
1510	426	00010	1	431	1	800	1	1	1	1	1	300
1511	2187	00010	1	431	1	269	1	1	1	1	1	300
1512	3507	00010	1	431	1	400	1	1	1	1	1	300
1513	1051	00010	1	432	1	324	1	1	1	1	1	300
1514	1545	00010	1	432	1	317	1	1	1	1	1	300
1515	3068	00010	1	432	1	736	1	1	1	1	1	300
1516	3179	00010	1	432	1	358	1	1	1	1	1	300
1517	239	00010	1	433	1	547	1	1	1	1	1	300
1518	240	00010	1	433	1	314	1	1	1	1	1	300
1519	2455	00010	1	433	1	601	1	1	1	1	1	300
1520	3167	00010	1	433	1	317	1	1	1	1	1	300
1521	386	00010	1	434	1	303	1	1	1	1	1	300
1522	1544	00010	1	434	1	347	1	1	1	1	1	300
1523	2435	00010	1	434	1	547	1	1	1	1	1	300
1524	1547	00010	1	435	1	126	1	1	1	1	1	300
1525	1720	00010	1	435	1	612	1	1	1	1	1	300
1526	2537	00010	1	435	1	303	1	1	1	1	1	300
1527	2954	00010	1	435	1	621	1	1	1	1	1	300
1528	303	00010	1	436	1	349	1	1	1	1	1	300
1529	1557	00010	1	436	1	1152	1	1	1	1	1	300
1530	3081	00010	1	436	1	121	1	1	1	1	1	300
1531	323	00010	1	437	1	67	1	1	1	1	1	300
1532	3151	00010	1	437	1	211	1	1	1	1	1	300
1533	3165	00010	1	437	1	261	1	1	1	1	1	300
1534	1600	00010	1	438	1	472	1	1	1	1	1	300
1535	2197	00010	1	438	1	211	1	1	1	1	1	300
1536	2505	00010	1	438	1	154	1	1	1	1	1	300
1537	1448	00010	1	439	1	121	1	1	1	1	1	300
1538	1707	00010	1	439	1	221	1	1	1	1	1	300
1539	3003	00010	1	439	1	612	1	1	1	1	1	300
1540	3071	00010	1	439	1	752	1	1	1	1	1	300
1541	397	00010	1	440	1	1260	1	1	1	1	1	300
1542	1563	00010	1	440	1	317	1	1	1	1	1	300
1543	3511	00010	1	440	1	88	1	1	1	1	1	300
1544	353	00010	1	441	1	197	1	1	1	1	1	300
1545	1459	00010	1	441	1	296	1	1	1	1	1	300
1546	3077	00010	1	441	1	115	1	1	1	1	1	300
1547	1407	00010	1	442	1	115	1	1	1	1	1	300
1548	2275	00010	1	442	1	287	1	1	1	1	1	300
1549	3070	00010	1	442	1	50	1	1	1	1	1	300
1550	192	00010	1	443	1	160	1	1	1	1	1	300
1551	1596	00010	1	443	1	275	1	1	1	1	1	300
1552	3465	00010	1	443	1	982	1	1	1	1	1	300
1553	993	00010	1	445	1	340	1	1	1	1	1	300
1554	1631	00010	1	445	1	123	1	1	1	1	1	300
1555	2970	00010	1	445	1	598	1	1	1	1	1	300
1556	1733	00010	1	446	1	353	1	1	1	1	1	300
1557	2420	00010	1	446	1	254	1	1	1	1	1	300
1558	2969	00010	1	446	1	334	1	1	1	1	1	300
1559	428	00010	1	448	1	3256	1	1	1	1	1	300
1560	2010	00010	1	448	1	646	1	1	1	1	1	300
1561	3026	00010	1	448	1	353	1	1	1	1	1	300
1562	3371	00010	1	448	1	1230	1	1	1	1	1	300
1563	1705	00010	1	449	1	334	1	1	1	1	1	300
1564	2549	00010	1	449	1	918	1	1	1	1	1	300
1565	2550	00010	1	449	1	357	1	1	1	1	1	300
1566	3406	00010	1	449	1	116	1	1	1	1	1	300
1567	2036	00010	1	450	1	918	1	1	1	1	1	300
1568	2548	00010	1	450	1	690	1	1	1	1	1	300
1569	3194	00010	1	450	1	204	1	1	1	1	1	300
1570	421	00010	1	451	1	136	1	1	1	1	1	300
1571	2039	00010	1	451	1	846	1	1	1	1	1	300
1572	3080	00010	1	451	1	138	1	1	1	1	1	300
1573	3410	00010	1	451	1	262	1	1	1	1	1	300
1574	423	00010	1	452	1	296	1	1	1	1	1	300
1575	1442	00010	1	452	1	138	1	1	1	1	1	300
1576	2553	00010	1	452	1	231	1	1	1	1	1	300
1577	431	00010	1	453	1	671	1	1	1	1	1	300
1578	2042	00010	1	453	1	262	1	1	1	1	1	300
1579	3181	00010	1	453	1	296	1	1	1	1	1	300
1580	3412	00010	1	453	1	125	1	1	1	1	1	300
1581	429	00010	1	454	1	224	1	1	1	1	1	300
1582	1608	00010	1	454	1	306	1	1	1	1	1	300
1583	3148	00010	1	454	1	3256	1	1	1	1	1	300
1584	430	00010	1	455	1	422	1	1	1	1	1	300
1585	2279	00010	1	455	1	437	1	1	1	1	1	300
1586	3152	00010	1	455	1	224	1	1	1	1	1	300
1587	986	00010	1	456	1	1086	1	1	1	1	1	300
1588	2278	00010	1	456	1	295	1	1	1	1	1	300
1589	3411	00010	1	456	1	671	1	1	1	1	1	300
1590	2038	00010	1	457	1	764	1	1	1	1	1	300
1591	2041	00010	1	457	1	796	1	1	1	1	1	300
1592	2556	00010	1	457	1	942	1	1	1	1	1	300
1593	2557	00010	1	457	1	422	1	1	1	1	1	300
1594	627	00010	1	458	1	172	1	1	1	1	1	300
1595	2719	00010	1	458	1	50	1	1	1	1	1	300
1596	3260	00010	1	458	1	450	1	1	1	1	1	300
1597	3262	00010	1	458	1	197	1	1	1	1	1	300
1598	232	00010	1	459	1	246	1	1	1	1	1	300
1599	238	00010	1	459	1	179	1	1	1	1	1	300
1600	2426	00010	1	459	1	187	1	1	1	1	1	300
1601	2430	00010	1	459	1	238	1	1	1	1	1	300
1602	3138	00010	1	459	1	164	1	1	1	1	1	300
1603	1179	00010	1	471	1	50	1	1	1	1	1	300
1604	2112	00010	1	471	1	62	1	1	1	1	1	300
1605	2401	00010	1	471	1	97	1	1	1	1	1	300
1606	3431	00010	1	471	1	120	1	1	1	1	1	300